0.000000e+00 1.892660e-01 -1.841605e-02 -1.199176e-02 -5.828228e-03 -2.034059e-03 3.790371e-03 1.629583e-03 5.915238e-03 4.890848e-03 4.583406e-03 3.667716e-03 6.225111e-04 -2.644753e-05 5.472094e-04 8.238662e-04 6.497403e-04 4.584099e-03 -1.144939e-03 -1.244092e-03 1.047903e-03 -9.527690e-04 -8.616084e-04 1.610065e-03 -1.273553e-03 2.216175e-03 2.075853e-03 2.826232e-03 2.666991e-03 1.213273e-03 1.201549e-03 -1.437163e-03 -2.344506e-04 -3.166314e-03 -2.068353e-03 -2.329961e-03 -2.688391e-03 1.658548e-03 -3.308170e-03 -5.448699e-04 6.514029e-04 5.115730e-04 5.867911e-04 7.541044e-04 8.898394e-04 1.479555e-03 -1.720620e-03 8.195682e-05 -1.058531e-03 -1.280528e-03
1.892660e-01 0.000000e+00 2.460303e-01 -2.006864e-02 -4.563178e-03 -1.183189e-02 -2.716581e-03 -4.358492e-03 1.508753e-03 -1.752135e-03 9.277583e-04 7.324548e-04 -1.724944e-03 -1.736508e-03 1.188114e-04 3.263624e-03 6.635764e-05 2.034493e-03 -3.663437e-03 -5.592346e-03 -5.455539e-06 7.173688e-03 7.977252e-03 -1.083163e-03 -2.847620e-03 -1.436655e-03 6.982244e-04 5.986819e-04 -1.181342e-03 -1.490170e-03 -1.893502e-03 -3.559793e-03 2.456451e-03 7.832800e-03 -5.349719e-05 1.759161e-03 4.421617e-03 3.863534e-03 8.907445e-04 -3.591148e-03 -2.340597e-03 2.176684e-03 3.676564e-04 -7.415164e-04 1.926088e-03 -1.641685e-03 -3.042838e-03 6.074403e-04 -2.603661e-03 7.528714e-04
-1.841605e-02 2.460303e-01 0.000000e+00 2.241064e-01 -1.278588e-02 -1.306688e-02 -2.866580e-03 -3.169220e-03 8.048056e-04 7.727025e-04 1.288137e-03 6.279315e-04 -2.091400e-03 -1.461748e-03 1.295940e-03 2.643600e-03 -4.323812e-04 2.487993e-03 -3.999486e-03 -4.913188e-03 1.425210e-04 6.489451e-03 8.675135e-03 -4.180593e-04 -2.612446e-03 -1.932535e-05 3.961136e-04 6.567556e-04 3.934251e-04 -8.833492e-04 -1.253624e-03 -2.923647e-03 1.466888e-03 8.068535e-03 1.083056e-04 4.761963e-04 -6.179964e-04 -1.507358e-04 -3.645969e-04 -5.161151e-03 -2.204471e-03 1.508627e-03 -1.549155e-04 -3.301794e-04 1.187945e-03 -1.574353e-03 -2.805437e-03 5.495771e-05 -3.167151e-03 1.505276e-03
-1.199176e-02 -2.006864e-02 2.241064e-01 0.000000e+00 3.187508e-01 -1.332630e-02 -8.583305e-03 -5.268310e-03 2.378216e-03 9.635452e-04 1.055520e-03 1.239875e-03 9.048934e-04 4.581918e-04 2.154720e-03 2.724572e-03 1.237710e-03 3.506029e-03 -3.378307e-03 -3.943845e-03 -6.641424e-04 3.924901e-04 1.685396e-03 1.143406e-03 -2.310835e-03 -1.284627e-04 1.146877e-03 2.646143e-03 5.594238e-04 1.053936e-04 3.872632e-04 -2.287011e-03 1.191730e-04 -1.087172e-03 1.912599e-03 -2.705499e-03 -2.118819e-03 4.608016e-05 -3.450397e-03 -3.592452e-03 -2.049287e-03 -7.123906e-04 1.908479e-03 1.809031e-03 2.601903e-03 4.408843e-04 -9.109391e-04 1.947075e-03 6.040931e-04 3.617001e-03
-5.828228e-03 -4.563178e-03 -1.278588e-02 3.187508e-01 0.000000e+00 3.396437e-01 -1.788492e-02 -1.307384e-02 -5.457647e-03 -5.252035e-03 1.870029e-04 -4.137839e-05 -3.783981e-03 -2.549198e-03 -1.000119e-03 2.513806e-03 -3.325817e-03 2.329000e-03 -5.067260e-03 -5.573065e-03 9.977468e-04 5.053233e-03 5.777545e-03 -1.327578e-04 -3.545416e-03 -2.958711e-03 -8.109042e-04 -1.039539e-03 -2.048636e-03 -2.075481e-03 -3.575020e-03 -4.371020e-03 9.317537e-04 2.564231e-03 7.323728e-04 4.551965e-03 4.766534e-03 4.973384e-03 2.338676e-03 -1.742331e-03 -1.007634e-03 2.696591e-03 3.160253e-03 8.725225e-04 2.568905e-03 -2.167770e-03 -2.454585e-03 2.065408e-03 -1.940459e-03 2.376514e-03
-2.034059e-03 -1.183189e-02 -1.306688e-02 -1.332630e-02 3.396437e-01 0.000000e+00 3.510895e-01 -1.546046e-02 -9.445724e-03 -4.310383e-03 -2.527396e-03 1.112133e-03 8.852794e-04 -3.498836e-04 2.721827e-03 2.549780e-03 1.484659e-03 1.710933e-03 -3.426134e-03 -4.269645e-03 -1.164763e-03 4.716595e-05 -2.085948e-03 4.329897e-04 -1.792071e-03 -5.388446e-04 1.825121e-03 3.224765e-03 2.810052e-03 7.633381e-04 1.328082e-03 1.014385e-04 -1.960184e-03 -4.860423e-03 2.916593e-03 -1.342667e-03 -1.644130e-03 6.439612e-04 -8.865713e-04 8.284325e-04 1.588989e-03 -1.559844e-03 -1.062280e-04 -1.741393e-03 1.106483e-03 8.815723e-04 -1.855588e-03 -4.555314e-04 2.132598e-03 4.686192e-04
3.790371e-03 -2.716581e-03 -2.866580e-03 -8.583305e-03 -1.788492e-02 3.510895e-01 0.000000e+00 2.982931e-01 -1.332092e-02 -1.186093e-02 -9.814182e-03 -1.892649e-03 6.956067e-04 1.059031e-03 4.613112e-03 9.995769e-04 5.031663e-04 7.576632e-04 8.645645e-05 1.641073e-04 1.324838e-03 -5.515979e-04 -1.954469e-03 -2.849091e-05 1.456607e-04 1.308473e-03 9.140956e-04 4.452816e-03 2.480755e-03 1.633694e-03 1.118078e-03 -1.230968e-03 -1.104757e-03 -3.416612e-03 1.549954e-03 7.306345e-04 -1.410888e-04 6.705660e-04 -4.397129e-04 2.483694e-03 2.278858e-03 -9.806265e-04 1.731771e-04 -4.401408e-04 -1.888338e-03 1.419224e-03 5.136741e-04 -1.114609e-03 1.039084e-03 -1.049200e-03
1.629583e-03 -4.358492e-03 -3.169220e-03 -5.268310e-03 -1.307384e-02 -1.546046e-02 2.982931e-01 0.000000e+00 3.580163e-01 -1.926728e-02 -1.817311e-02 -1.059805e-02 2.239020e-03 3.121595e-03 5.091128e-03 -6.022680e-03 2.394643e-03 -3.274100e-03 3.569231e-03 4.173503e-03 2.339835e-04 -4.908317e-03 -6.330678e-03 -1.011707e-03 2.268440e-03 3.280051e-03 1.552128e-03 1.020534e-03 4.875920e-03 3.853262e-03 4.391716e-03 2.643303e-03 -2.407894e-03 -3.710896e-03 -1.487941e-04 -1.681424e-03 -2.241643e-03 -3.028484e-04 -1.691605e-03 1.831365e-03 1.150066e-03 -2.450350e-03 -1.753663e-03 -2.051652e-03 -1.876094e-03 6.702141e-04 1.009264e-03 -2.421843e-03 3.187759e-04 -2.698239e-03
5.915238e-03 1.508753e-03 8.048056e-04 2.378216e-03 -5.457647e-03 -9.445724e-03 -1.332092e-02 3.580163e-01 0.000000e+00 3.325615e-01 -1.990180e-02 -1.598370e-02 -1.303421e-02 -8.360230e-03 -4.834148e-05 -2.455741e-03 2.286518e-03 -9.912025e-04 3.205473e-03 5.145823e-03 1.944858e-03 -2.141938e-03 -3.582190e-03 5.064185e-04 1.514970e-04 -1.226183e-03 -1.647258e-03 -2.259409e-03 -2.384102e-03 -1.401576e-03 6.079473e-04 2.402100e-03 2.267420e-03 -2.319332e-03 1.999159e-03 8.313480e-04 -5.214377e-04 9.469010e-04 -2.710512e-04 1.888692e-03 2.010010e-03 -1.513278e-03 -6.886873e-05 -1.618999e-04 -1.521656e-03 1.832067e-03 1.068465e-03 -1.126271e-03 9.614703e-04 -1.085915e-03
4.890848e-03 -1.752135e-03 7.727025e-04 9.635452e-04 -5.252035e-03 -4.310383e-03 -1.186093e-02 -1.926728e-02 3.325615e-01 0.000000e+00 3.466109e-01 -1.962564e-02 -7.965442e-03 -3.204262e-03 3.601262e-03 -7.837059e-03 1.313367e-03 -4.399221e-03 5.422149e-03 6.356043e-03 2.429273e-03 -3.947494e-03 -2.820945e-03 1.238807e-03 2.648972e-03 9.307500e-04 -2.428553e-03 -3.019690e-03 -1.376939e-03 2.787205e-03 2.733857e-03 3.891174e-03 -9.626667e-04 -2.359145e-03 1.460100e-03 -4.612508e-05 -9.266221e-04 1.500951e-04 -1.549972e-03 2.215354e-03 2.354435e-03 -1.014710e-03 -2.058475e-04 -2.788921e-04 -2.047330e-03 1.797969e-03 2.322449e-03 -1.730821e-03 1.916476e-03 -1.930278e-03
4.583406e-03 9.277583e-04 1.288137e-03 1.055520e-03 1.870029e-04 -2.527396e-03 -9.814182e-03 -1.817311e-02 -1.990180e-02 3.466109e-01 0.000000e+00 3.210535e-01 -2.080061e-02 -1.656480e-02 -8.272037e-03 -5.819788e-03 -3.263589e-03 -3.284849e-03 2.465264e-03 4.706110e-03 2.815724e-03 -1.097748e-03 -1.479183e-03 2.651093e-04 4.992259e-04 -1.553646e-03 -2.855635e-03 -4.139791e-03 -5.315157e-03 -2.526445e-03 -2.028886e-03 2.452129e-03 7.366118e-04 -1.714814e-03 1.492997e-03 1.306291e-03 2.031381e-04 1.409080e-03 -4.508686e-04 2.552547e-03 1.427791e-03 -9.499365e-04 -3.407211e-04 3.894695e-04 -4.419596e-04 1.214533e-03 7.948464e-04 -3.460275e-04 1.519430e-03 -1.094634e-03
3.667716e-03 7.324548e-04 6.279315e-04 1.239875e-03 -4.137839e-05 1.112133e-03 -1.892649e-03 -1.059805e-02 -1.598370e-02 -1.962564e-02 3.210535e-01 0.000000e+00 3.237115e-01 -1.934333e-02 8.749600e-04 -5.053673e-03 -2.074096e-03 -7.406058e-03 1.273927e-03 5.551305e-03 2.436435e-03 -5.848886e-04 -1.672088e-03 9.062761e-04 2.021197e-03 4.517552e-04 -1.531156e-03 -2.468208e-03 -2.790080e-03 -2.158449e-03 -1.534622e-03 1.245376e-03 7.936894e-04 -1.774039e-03 2.198179e-03 1.129801e-03 8.143900e-04 1.600949e-03 -7.909458e-05 2.408240e-03 2.445755e-03 -6.238625e-04 7.069641e-04 1.547239e-03 7.781997e-04 3.401004e-04 2.172974e-03 -2.190434e-04 2.416953e-03 -1.409918e-03
6.225111e-04 -1.724944e-03 -2.091400e-03 9.048934e-04 -3.783981e-03 8.852794e-04 6.956067e-04 2.239020e-03 -1.303421e-02 -7.965442e-03 -2.080061e-02 3.237115e-01 0.000000e+00 3.533674e-01 -1.038636e-02 -1.546573e-02 -4.906847e-03 -1.232064e-02 5.193065e-03 6.091728e-03 9.541956e-04 -4.012835e-03 -3.979748e-03 1.148164e-03 2.024261e-03 2.689782e-03 9.721405e-04 1.407667e-03 1.083734e-03 1.843793e-03 3.109252e-03 4.104635e-03 -1.805478e-03 -2.611171e-03 9.053487e-04 -3.347569e-05 -3.737593e-04 5.974348e-04 -1.090031e-03 1.477042e-03 1.154940e-03 -2.271488e-03 -2.559463e-04 -5.467588e-04 -1.578077e-03 1.378296e-03 2.335073e-03 -1.630003e-03 1.358272e-03 -2.307093e-03
-2.644753e-05 -1.736508e-03 -1.461748e-03 4.581918e-04 -2.549198e-03 -3.498836e-04 1.059031e-03 3.121595e-03 -8.360230e-03 -3.204262e-03 -1.656480e-02 -1.934333e-02 3.533674e-01 0.000000e+00 4.015066e-01 -1.728722e-02 -1.057188e-02 -1.935770e-02 1.875824e-03 3.429707e-03 6.011703e-04 -5.765551e-03 -5.394562e-03 5.690138e-04 1.767638e-03 1.987381e-03 1.546282e-03 1.738281e-03 2.696477e-03 1.572174e-03 2.717576e-03 3.413756e-03 -1.355602e-03 -2.329946e-03 6.421328e-04 -1.168629e-04 -1.381962e-03 -1.902253e-05 -1.127111e-03 8.531804e-04 4.977376e-04 -2.562760e-03 -4.178505e-04 3.356726e-04 -2.503528e-03 1.348442e-03 1.133459e-03 -1.591216e-03 1.096884e-03 -2.620523e-03
5.472094e-04 1.188114e-04 1.295940e-03 2.154720e-03 -1.000119e-03 2.721827e-03 4.613112e-03 5.091128e-03 -4.834148e-05 3.601262e-03 -8.272037e-03 8.749600e-04 -1.038636e-02 4.015066e-01 0.000000e+00 3.143511e-01 -1.992416e-02 -1.960269e-02 -3.013025e-03 1.351823e-03 9.375123e-04 -4.234304e-03 -3.332553e-03 1.778340e-03 1.570615e-03 1.453694e-04 1.084822e-03 3.292607e-04 -1.324960e-03 -9.401254e-04 3.959905e-04 1.146364e-03 -9.565544e-04 -1.972836e-03 1.374384e-03 9.154379e-04 2.300310e-04 1.332830e-03 3.041278e-04 1.498649e-03 7.275966e-04 -1.648202e-03 -1.544179e-04 7.119988e-04 -2.036802e-03 2.294359e-04 1.499280e-03 -1.308282e-03 2.012874e-03 -1.363257e-03
8.238662e-04 3.263624e-03 2.643600e-03 2.724572e-03 2.513806e-03 2.549780e-03 9.995769e-04 -6.022680e-03 -2.455741e-03 -7.837059e-03 -5.819788e-03 -5.053673e-03 -1.546573e-02 -1.728722e-02 3.143511e-01 0.000000e+00 4.430785e-01 -1.831469e-02 -1.665723e-02 -1.241836e-02 2.412008e-03 -1.523026e-04 -1.035112e-03 1.376039e-03 -2.615769e-03 -1.984014e-04 -1.526449e-03 -2.492592e-03 -3.920700e-03 -3.166542e-03 -4.124111e-03 -2.870060e-03 2.347882e-03 3.340992e-04 3.503888e-03 2.707241e-03 1.833437e-03 2.211538e-03 7.665758e-04 1.863041e-03 1.278400e-03 3.863659e-05 1.404004e-03 5.374574e-04 5.604396e-04 -3.935235e-04 -2.064016e-03 3.055575e-05 -2.010443e-04 3.579122e-04
6.497403e-04 6.635764e-05 -4.323812e-04 1.237710e-03 -3.325817e-03 1.484659e-03 5.031663e-04 2.394643e-03 2.286518e-03 1.313367e-03 -3.263589e-03 -2.074096e-03 -4.906847e-03 -1.057188e-02 -1.992416e-02 4.430785e-01 0.000000e+00 3.371362e-01 -1.673668e-02 -1.254961e-02 -9.335130e-03 -6.695693e-03 -6.554061e-03 2.392769e-04 -1.075901e-05 1.478608e-03 1.235681e-03 5.110897e-04 -4.504044e-04 -1.319207e-03 1.192639e-06 2.455910e-04 -1.917436e-03 -2.037594e-03 2.311523e-03 -7.660793e-04 -4.668291e-04 3.782960e-04 -1.112706e-03 1.671101e-03 -1.104907e-04 -1.882771e-03 -1.204558e-03 -2.408174e-04 -2.138527e-03 -4.426634e-04 9.122339e-04 -1.879849e-03 2.093592e-03 -1.914084e-03
4.584099e-03 2.034493e-03 2.487993e-03 3.506029e-03 2.329000e-03 1.710933e-03 7.576632e-04 -3.274100e-03 -9.912025e-04 -4.399221e-03 -3.284849e-03 -7.406058e-03 -1.232064e-02 -1.935770e-02 -1.960269e-02 -1.831469e-02 3.371362e-01 0.000000e+00 2.713583e-01 -1.863161e-02 -7.450603e-03 6.590088e-03 6.911168e-04 8.861652e-04 -2.636280e-03 -2.533584e-04 -1.781084e-03 -1.976557e-03 -2.834115e-03 -1.500941e-03 -6.828062e-04 -1.568145e-04 3.814397e-03 1.988683e-03 3.324886e-03 2.599965e-03 1.981532e-03 2.394143e-03 2.685940e-03 3.237049e-03 3.975593e-03 1.216694e-03 2.036393e-03 2.011690e-03 2.155216e-03 1.758922e-03 -3.430060e-04 3.124060e-03 2.501022e-04 1.594586e-03
-1.144939e-03 -3.663437e-03 -3.999486e-03 -3.378307e-03 -5.067260e-03 -3.426134e-03 8.645645e-05 3.569231e-03 3.205473e-03 5.422149e-03 2.465264e-03 1.273927e-03 5.193065e-03 1.875824e-03 -3.013025e-03 -1.665723e-02 -1.673668e-02 2.713583e-01 0.000000e+00 3.483179e-01 -1.649358e-02 -1.283385e-02 -1.179261e-02 -3.182570e-04 2.760180e-03 5.068182e-03 3.734176e-03 2.663966e-03 5.786450e-03 6.265002e-03 3.510781e-03 2.831134e-03 -3.816783e-03 -6.001144e-03 -2.992816e-03 -2.351650e-03 -3.475688e-03 -2.188621e-03 -2.137844e-03 1.226558e-04 -7.643220e-05 -4.933596e-03 -2.631808e-03 -1.075219e-03 -3.009251e-03 3.014054e-03 2.381443e-03 -2.522353e-03 1.315035e-03 -3.097787e-03
-1.244092e-03 -5.592346e-03 -4.913188e-03 -3.943845e-03 -5.573065e-03 -4.269645e-03 1.641073e-04 4.173503e-03 5.145823e-03 6.356043e-03 4.706110e-03 5.551305e-03 6.091728e-03 3.429707e-03 1.351823e-03 -1.241836e-02 -1.254961e-02 -1.863161e-02 3.483179e-01 0.000000e+00 4.196842e-01 -1.598437e-02 -1.410992e-02 -1.003282e-02 1.857365e-03 4.615171e-03 5.181332e-03 4.757606e-03 4.456403e-03 4.940647e-03 4.695888e-03 3.587665e-03 -4.071077e-03 -6.028960e-03 -4.399761e-03 -3.560495e-03 -3.539793e-03 -2.678628e-03 -4.516083e-03 -7.249597e-04 -6.871303e-04 -4.760485e-03 -2.125093e-03 -1.279242e-03 -1.553503e-03 2.370755e-03 2.007337e-03 -1.987031e-03 1.097596e-03 -3.258585e-03
1.047903e-03 -5.455539e-06 1.425210e-04 -6.641424e-04 9.977468e-04 -1.164763e-03 1.324838e-03 2.339835e-04 1.944858e-03 2.429273e-03 2.815724e-03 2.436435e-03 9.541956e-04 6.011703e-04 9.375123e-04 2.412008e-03 -9.335130e-03 -7.450603e-03 -1.649358e-02 4.196842e-01 0.000000e+00 3.205154e-01 -1.834918e-02 -1.183385e-02 -1.152818e-02 -4.559960e-03 2.012425e-04 -6.357418e-04 -7.000168e-04 8.958476e-04 -4.133569e-04 3.268425e-04 2.251023e-03 3.438603e-04 -1.516998e-03 -1.013181e-03 -2.140848e-04 -1.234718e-03 -2.518303e-03 -6.807576e-04 3.485667e-04 -6.009979e-04 -5.346595e-04 1.443522e-03 3.061929e-03 2.298998e-03 1.379064e-03 3.543192e-03 1.648751e-04 1.920767e-03
-9.527690e-04 7.173688e-03 6.489451e-03 3.924901e-04 5.053233e-03 4.716595e-05 -5.515979e-04 -4.908317e-03 -2.141938e-03 -3.947494e-03 -1.097748e-03 -5.848886e-04 -4.012835e-03 -5.765551e-03 -4.234304e-03 -1.523026e-04 -6.695693e-03 6.590088e-03 -1.283385e-02 -1.598437e-02 3.205154e-01 0.000000e+00 2.734391e-01 -1.744056e-02 -1.523061e-02 -1.094622e-02 -9.647300e-03 -6.698617e-03 -5.879851e-03 -6.046996e-03 -6.297534e-03 -5.694786e-03 3.931495e-03 5.522389e-03 1.506363e-03 6.815023e-03 7.988048e-03 3.166860e-03 4.612361e-03 -3.624636e-03 -1.388375e-03 4.441437e-03 4.225078e-03 4.926764e-04 4.756721e-03 -3.222315e-03 -5.439486e-03 1.228536e-03 -6.080839e-03 3.891446e-03
-8.616084e-04 7.977252e-03 8.675135e-03 1.685396e-03 5.777545e-03 -2.085948e-03 -1.954469e-03 -6.330678e-03 -3.582190e-03 -2.820945e-03 -1.479183e-03 -1.672088e-03 -3.979748e-03 -5.394562e-03 -3.332553e-03 -1.035112e-03 -6.554061e-03 6.911168e-04 -1.179261e-02 -1.410992e-02 -1.834918e-02 2.734391e-01 0.000000e+00 2.973142e-01 -1.593605e-02 -9.473507e-03 -6.011243e-03 -6.399748e-03 -8.868392e-03 -7.599218e-03 -8.279925e-03 -6.228216e-03 8.580315e-03 8.296001e-03 3.844701e-03 1.026277e-02 8.915014e-03 6.643991e-03 7.081474e-03 -1.383221e-03 -1.026191e-04 5.554696e-03 1.736296e-03 -1.992638e-03 3.838462e-03 -4.455171e-03 -6.441910e-03 1.658744e-03 -4.901264e-03 4.646002e-03
1.610065e-03 -1.083163e-03 -4.180593e-04 1.143406e-03 -1.327578e-04 4.329897e-04 -2.849091e-05 -1.011707e-03 5.064185e-04 1.238807e-03 2.651093e-04 9.062761e-04 1.148164e-03 5.690138e-04 1.778340e-03 1.376039e-03 2.392769e-04 8.861652e-04 -3.182570e-04 -1.003282e-02 -1.183385e-02 -1.744056e-02 2.973142e-01 0.000000e+00 5.180976e-01 -3.118755e-03 5.961772e-03 1.285245e-02 6.586376e-03 2.643181e-03 2.596349e-03 3.083144e-03 5.786866e-03 -2.697491e-03 1.382149e-03 4.179525e-04 -4.608526e-04 8.981292e-05 -8.854250e-04 1.140658e-03 1.598646e-03 -5.747507e-04 -4.223656e-04 -4.896019e-04 -8.539014e-05 1.704308e-03 -1.216337e-03 -2.064625e-03 3.849159e-03 -2.940314e-04
-1.273553e-03 -2.847620e-03 -2.612446e-03 -2.310835e-03 -3.545416e-03 -1.792071e-03 1.456607e-04 2.268440e-03 1.514970e-04 2.648972e-03 4.992259e-04 2.021197e-03 2.024261e-03 1.767638e-03 1.570615e-03 -2.615769e-03 -1.075901e-05 -2.636280e-03 2.760180e-03 1.857365e-03 -1.152818e-02 -1.523061e-02 -1.593605e-02 5.180976e-01 0.000000e+00 4.020218e-01 -4.405322e-03 2.215267e-03 2.630800e-03 1.026993e-03 1.002011e-03 1.253782e-03 -4.967824e-03 -6.332214e-03 -1.235912e-03 -2.150783e-03 -2.115539e-03 -2.142576e-03 -1.973710e-03 5.070488e-04 -4.808616e-04 -3.177555e-03 -1.393816e-03 -2.096088e-03 -4.025071e-03 1.761177e-04 9.693942e-04 -5.494235e-03 1.899036e-03 -4.262300e-03
2.216175e-03 -1.436655e-03 -1.932535e-05 -1.284627e-04 -2.958711e-03 -5.388446e-04 1.308473e-03 3.280051e-03 -1.226183e-03 9.307500e-04 -1.553646e-03 4.517552e-04 2.689782e-03 1.987381e-03 1.453694e-04 -1.984014e-04 1.478608e-03 -2.533584e-04 5.068182e-03 4.615171e-03 -4.559960e-03 -1.094622e-02 -9.473507e-03 -3.118755e-03 4.020218e-01 0.000000e+00 3.044943e-01 -1.400137e-02 -1.523551e-02 -6.861546e-03 -4.005686e-04 -2.874111e-04 -1.491612e-03 -6.002508e-03 -1.163993e-03 -1.480465e-03 -2.368813e-03 -8.655437e-04 -1.178564e-03 8.861946e-04 1.837903e-03 -1.584018e-03 4.991481e-05 7.303978e-04 -1.749399e-03 8.235922e-04 1.988501e-03 -3.051205e-03 3.419772e-03 -9.216672e-04
2.075853e-03 6.982244e-04 3.961136e-04 1.146877e-03 -8.109042e-04 1.825121e-03 9.140956e-04 1.552128e-03 -1.647258e-03 -2.428553e-03 -2.855635e-03 -1.531156e-03 9.721405e-04 1.546282e-03 1.084822e-03 -1.526449e-03 1.235681e-03 -1.781084e-03 3.734176e-03 5.181332e-03 2.012425e-04 -9.647300e-03 -6.011243e-03 5.961772e-03 -4.405322e-03 3.044943e-01 0.000000e+00 3.559372e-01 -1.996049e-02 -1.936128e-02 -8.925122e-03 -2.516504e-03 -5.948232e-04 -4.657827e-03 -1.252678e-04 -1.714876e-03 -1.268852e-03 -8.144782e-05 -1.037137e-03 8.304520e-04 1.898106e-03 -9.331932e-04 1.234192e-03 1.850757e-03 -1.030263e-04 3.256126e-04 4.656540e-03 -1.523832e-03 6.430175e-03 -2.775043e-04
2.826232e-03 5.986819e-04 6.567556e-04 2.646143e-03 -1.039539e-03 3.224765e-03 4.452816e-03 1.020534e-03 -2.259409e-03 -3.019690e-03 -4.139791e-03 -2.468208e-03 1.407667e-03 1.738281e-03 3.292607e-04 -2.492592e-03 5.110897e-04 -1.976557e-03 2.663966e-03 4.757606e-03 -6.357418e-04 -6.698617e-03 -6.399748e-03 1.285245e-02 2.215267e-03 -1.400137e-02 3.559372e-01 0.000000e+00 3.724716e-01 -2.040224e-02 -1.643115e-02 -3.372665e-03 1.629092e-03 -5.277264e-03 -3.641316e-04 -6.444349e-04 -1.174014e-03 -4.599997e-04 -4.373129e-04 1.116077e-03 1.665295e-03 -9.113701e-04 1.667558e-03 2.283595e-03 3.428005e-04 1.437561e-03 4.442673e-03 -7.189117e-04 7.667693e-03 6.873320e-04
2.666991e-03 -1.181342e-03 3.934251e-04 5.594238e-04 -2.048636e-03 2.810052e-03 2.480755e-03 4.875920e-03 -2.384102e-03 -1.376939e-03 -5.315157e-03 -2.790080e-03 1.083734e-03 2.696477e-03 -1.324960e-03 -3.920700e-03 -4.504044e-04 -2.834115e-03 5.786450e-03 4.456403e-03 -7.000168e-04 -5.879851e-03 -8.868392e-03 6.586376e-03 2.630800e-03 -1.523551e-02 -1.996049e-02 3.724716e-01 0.000000e+00 3.909410e-01 -1.255538e-02 1.395457e-02 3.038161e-03 -5.533107e-03 -3.355680e-04 -1.413352e-03 -1.887451e-03 -3.738688e-04 -6.244486e-04 1.794081e-03 1.246864e-03 -1.464431e-03 1.256887e-03 2.169881e-03 -3.875125e-04 1.121127e-03 3.961659e-03 -1.467063e-03 4.822477e-03 -1.177374e-03
1.213273e-03 -1.490170e-03 -8.833492e-04 1.053936e-04 -2.075481e-03 7.633381e-04 1.633694e-03 3.853262e-03 -1.401576e-03 2.787205e-03 -2.526445e-03 -2.158449e-03 1.843793e-03 1.572174e-03 -9.401254e-04 -3.166542e-03 -1.319207e-03 -1.500941e-03 6.265002e-03 4.940647e-03 8.958476e-04 -6.046996e-03 -7.599218e-03 2.643181e-03 1.026993e-03 -6.861546e-03 -1.936128e-02 -2.040224e-02 3.909410e-01 0.000000e+00 3.738894e-01 1.277524e-03 -1.641739e-03 -6.800194e-03 -1.898685e-03 -1.318042e-03 -1.937665e-03 -1.075086e-03 -1.899290e-03 1.061539e-03 1.165732e-03 -2.844106e-03 4.519258e-04 1.183866e-03 -1.656875e-03 1.364648e-03 3.008507e-03 -1.502454e-03 2.943803e-03 -2.445234e-03
1.201549e-03 -1.893502e-03 -1.253624e-03 3.872632e-04 -3.575020e-03 1.328082e-03 1.118078e-03 4.391716e-03 6.079473e-04 2.733857e-03 -2.028886e-03 -1.534622e-03 3.109252e-03 2.717576e-03 3.959905e-04 -4.124111e-03 1.192639e-06 -6.828062e-04 3.510781e-03 4.695888e-03 -4.133569e-04 -6.297534e-03 -8.279925e-03 2.596349e-03 1.002011e-03 -4.005686e-04 -8.925122e-03 -1.643115e-02 -1.255538e-02 3.738894e-01 0.000000e+00 4.309923e-01 -9.698491e-03 -9.852057e-03 -2.888570e-03 -3.116150e-03 -3.385811e-03 -1.868563e-03 -2.168209e-03 1.131054e-03 1.600039e-03 -2.798203e-03 7.333998e-05 1.866328e-04 -2.089776e-03 9.926485e-04 2.281701e-03 -2.872121e-03 3.044981e-03 -1.280651e-03
-1.437163e-03 -3.559793e-03 -2.923647e-03 -2.287011e-03 -4.371020e-03 1.014385e-04 -1.230968e-03 2.643303e-03 2.402100e-03 3.891174e-03 2.452129e-03 1.245376e-03 4.104635e-03 3.413756e-03 1.146364e-03 -2.870060e-03 2.455910e-04 -1.568145e-04 2.831134e-03 3.587665e-03 3.268425e-04 -5.694786e-03 -6.228216e-03 3.083144e-03 1.253782e-03 -2.874111e-04 -2.516504e-03 -3.372665e-03 1.395457e-02 1.277524e-03 4.309923e-01 0.000000e+00 4.075413e-01 -1.651796e-02 -8.242786e-03 -6.563552e-03 -5.262470e-03 -3.080162e-03 -3.083671e-03 1.992043e-03 1.821997e-03 -3.126528e-03 -2.170325e-03 -1.709669e-03 -3.215887e-03 3.968320e-04 1.830158e-03 -3.669643e-03 6.622676e-04 -3.272794e-03
-2.344506e-04 2.456451e-03 1.466888e-03 1.191730e-04 9.317537e-04 -1.960184e-03 -1.104757e-03 -2.407894e-03 2.267420e-03 -9.626667e-04 7.366118e-04 7.936894e-04 -1.805478e-03 -1.355602e-03 -9.565544e-04 2.347882e-03 -1.917436e-03 3.814397e-03 -3.816783e-03 -4.071077e-03 2.251023e-03 3.931495e-03 8.580315e-03 5.786866e-03 -4.967824e-03 -1.491612e-03 -5.948232e-04 1.629092e-03 3.038161e-03 -1.641739e-03 -9.698491e-03 4.075413e-01 0.000000e+00 3.961645e-01 -1.364990e-02 -8.964730e-03 -3.808933e-03 -9.539124e-04 1.826566e-03 5.985662e-03 5.097946e-03 2.642125e-03 9.125411e-04 -9.099163e-04 1.777355e-03 -1.718919e-03 -4.919693e-03 3.284276e-04 -2.923815e-03 3.940142e-03
-3.166314e-03 7.832800e-03 8.068535e-03 -1.087172e-03 2.564231e-03 -4.860423e-03 -3.416612e-03 -3.710896e-03 -2.319332e-03 -2.359145e-03 -1.714814e-03 -1.774039e-03 -2.611171e-03 -2.329946e-03 -1.972836e-03 3.340992e-04 -2.037594e-03 1.988683e-03 -6.001144e-03 -6.028960e-03 3.438603e-04 5.522389e-03 8.296001e-03 -2.697491e-03 -6.332214e-03 -6.002508e-03 -4.657827e-03 -5.277264e-03 -5.533107e-03 -6.800194e-03 -9.852057e-03 -1.651796e-02 3.961645e-01 0.000000e+00 3.808425e-01 -1.041889e-02 -6.263031e-03 1.816596e-03 4.804673e-03 -3.204377e-03 2.919975e-03 6.190680e-03 4.407787e-04 -1.777300e-03 3.043289e-03 -5.858401e-03 -7.031043e-03 2.121019e-03 -4.783984e-03 3.449793e-03
-2.068353e-03 -5.349719e-05 1.083056e-04 1.912599e-03 7.323728e-04 2.916593e-03 1.549954e-03 -1.487941e-04 1.999159e-03 1.460100e-03 1.492997e-03 2.198179e-03 9.053487e-04 6.421328e-04 1.374384e-03 3.503888e-03 2.311523e-03 3.324886e-03 -2.992816e-03 -4.399761e-03 -1.516998e-03 1.506363e-03 3.844701e-03 1.382149e-03 -1.235912e-03 -1.163993e-03 -1.252678e-04 -3.641316e-04 -3.355680e-04 -1.898685e-03 -2.888570e-03 -8.242786e-03 -1.364990e-02 3.808425e-01 0.000000e+00 3.454066e-01 -1.925763e-02 -1.699327e-02 -1.090864e-02 -5.821663e-03 1.756354e-03 3.982485e-03 1.547981e-03 9.095163e-05 3.689681e-03 9.408138e-04 6.578460e-04 2.867858e-03 -1.765922e-03 2.605897e-03
-2.329961e-03 1.759161e-03 4.761963e-04 -2.705499e-03 4.551965e-03 -1.342667e-03 7.306345e-04 -1.681424e-03 8.313480e-04 -4.612508e-05 1.306291e-03 1.129801e-03 -3.347569e-05 -1.168629e-04 9.154379e-04 2.707241e-03 -7.660793e-04 2.599965e-03 -2.351650e-03 -3.560495e-03 -1.013181e-03 6.815023e-03 1.026277e-02 4.179525e-04 -2.150783e-03 -1.480465e-03 -1.714876e-03 -6.444349e-04 -1.413352e-03 -1.318042e-03 -3.116150e-03 -6.563552e-03 -8.964730e-03 -1.041889e-02 3.454066e-01 0.000000e+00 2.631675e-01 -2.083844e-02 -8.803983e-03 -1.315273e-02 -9.850322e-03 3.563647e-03 -1.363962e-03 -1.715498e-03 3.555288e-03 1.783057e-04 -2.900597e-03 2.398539e-03 -1.843114e-03 4.856777e-03
-2.688391e-03 4.421617e-03 -6.179964e-04 -2.118819e-03 4.766534e-03 -1.644130e-03 -1.410888e-04 -2.241643e-03 -5.214377e-04 -9.266221e-04 2.031381e-04 8.143900e-04 -3.737593e-04 -1.381962e-03 2.300310e-04 1.833437e-03 -4.668291e-04 1.981532e-03 -3.475688e-03 -3.539793e-03 -2.140848e-04 7.988048e-03 8.915014e-03 -4.608526e-04 -2.115539e-03 -2.368813e-03 -1.268852e-03 -1.174014e-03 -1.887451e-03 -1.937665e-03 -3.385811e-03 -5.262470e-03 -3.808933e-03 -6.263031e-03 -1.925763e-02 2.631675e-01 0.000000e+00 2.907131e-01 -1.293514e-02 -1.775535e-02 -1.423398e-02 6.228921e-03 -5.299273e-04 -8.948157e-04 3.699991e-03 -4.544542e-04 -3.720881e-03 3.720636e-03 -1.136058e-03 4.057177e-03
1.658548e-03 3.863534e-03 -1.507358e-04 4.608016e-05 4.973384e-03 6.439612e-04 6.705660e-04 -3.028484e-04 9.469010e-04 1.500951e-04 1.409080e-03 1.600949e-03 5.974348e-04 -1.902253e-05 1.332830e-03 2.211538e-03 3.782960e-04 2.394143e-03 -2.188621e-03 -2.678628e-03 -1.234718e-03 3.166860e-03 6.643991e-03 8.981292e-05 -2.142576e-03 -8.655437e-04 -8.144782e-05 -4.599997e-04 -3.738688e-04 -1.075086e-03 -1.868563e-03 -3.080162e-03 -9.539124e-04 1.816596e-03 -1.699327e-02 -2.083844e-02 2.907131e-01 0.000000e+00 2.848339e-01 -1.976526e-02 -1.902905e-02 4.713777e-03 -1.704566e-03 9.154310e-04 5.630574e-03 5.214061e-04 -4.862870e-04 4.200650e-03 -5.029449e-04 5.207419e-03
-3.308170e-03 8.907445e-04 -3.645969e-04 -3.450397e-03 2.338676e-03 -8.865713e-04 -4.397129e-04 -1.691605e-03 -2.710512e-04 -1.549972e-03 -4.508686e-04 -7.909458e-05 -1.090031e-03 -1.127111e-03 3.041278e-04 7.665758e-04 -1.112706e-03 2.685940e-03 -2.137844e-03 -4.516083e-03 -2.518303e-03 4.612361e-03 7.081474e-03 -8.854250e-04 -1.973710e-03 -1.178564e-03 -1.037137e-03 -4.373129e-04 -6.244486e-04 -1.899290e-03 -2.168209e-03 -3.083671e-03 1.826566e-03 4.804673e-03 -1.090864e-02 -8.803983e-03 -1.293514e-02 2.848339e-01 0.000000e+00 2.976228e-01 -1.961014e-02 -9.133899e-04 -1.256450e-02 -9.263758e-03 3.405625e-03 -4.518205e-04 -3.340086e-03 3.897366e-03 -3.570354e-03 3.599292e-03
-5.448699e-04 -3.591148e-03 -5.161151e-03 -3.592452e-03 -1.742331e-03 8.284325e-04 2.483694e-03 1.831365e-03 1.888692e-03 2.215354e-03 2.552547e-03 2.408240e-03 1.477042e-03 8.531804e-04 1.498649e-03 1.863041e-03 1.671101e-03 3.237049e-03 1.226558e-04 -7.249597e-04 -6.807576e-04 -3.624636e-03 -1.383221e-03 1.140658e-03 5.070488e-04 8.861946e-04 8.304520e-04 1.116077e-03 1.794081e-03 1.061539e-03 1.131054e-03 1.992043e-03 5.985662e-03 -3.204377e-03 -5.821663e-03 -1.315273e-02 -1.775535e-02 -1.976526e-02 2.976228e-01 0.000000e+00 2.958643e-01 -2.029439e-02 -1.671021e-02 -1.460169e-02 -5.395332e-04 5.190714e-03 2.944121e-03 4.685519e-03 -4.778604e-06 -1.759385e-03
6.514029e-04 -2.340597e-03 -2.204471e-03 -2.049287e-03 -1.007634e-03 1.588989e-03 2.278858e-03 1.150066e-03 2.010010e-03 2.354435e-03 1.427791e-03 2.445755e-03 1.154940e-03 4.977376e-04 7.275966e-04 1.278400e-03 -1.104907e-04 3.975593e-03 -7.643220e-05 -6.871303e-04 3.485667e-04 -1.388375e-03 -1.026191e-04 1.598646e-03 -4.808616e-04 1.837903e-03 1.898106e-03 1.665295e-03 1.246864e-03 1.165732e-03 1.600039e-03 1.821997e-03 5.097946e-03 2.919975e-03 1.756354e-03 -9.850322e-03 -1.423398e-02 -1.902905e-02 -1.961014e-02 2.958643e-01 0.000000e+00 2.789345e-01 -1.855790e-02 -1.825084e-02 -9.226912e-03 1.264182e-03 -1.021140e-03 7.596266e-03 -3.452401e-03 3.346349e-04
5.115730e-04 2.176684e-03 1.508627e-03 -7.123906e-04 2.696591e-03 -1.559844e-03 -9.806265e-04 -2.450350e-03 -1.513278e-03 -1.014710e-03 -9.499365e-04 -6.238625e-04 -2.271488e-03 -2.562760e-03 -1.648202e-03 3.863659e-05 -1.882771e-03 1.216694e-03 -4.933596e-03 -4.760485e-03 -6.009979e-04 4.441437e-03 5.554696e-03 -5.747507e-04 -3.177555e-03 -1.584018e-03 -9.331932e-04 -9.113701e-04 -1.464431e-03 -2.844106e-03 -2.798203e-03 -3.126528e-03 2.642125e-03 6.190680e-03 3.982485e-03 3.563647e-03 6.228921e-03 4.713777e-03 -9.133899e-04 -2.029439e-02 2.789345e-01 0.000000e+00 3.097171e-01 -2.085938e-02 -1.339216e-02 -1.138612e-02 -1.099663e-02 1.473957e-03 -1.244860e-02 2.821903e-03
5.867911e-04 3.676564e-04 -1.549155e-04 1.908479e-03 3.160253e-03 -1.062280e-04 1.731771e-04 -1.753663e-03 -6.886873e-05 -2.058475e-04 -3.407211e-04 7.069641e-04 -2.559463e-04 -4.178505e-04 -1.544179e-04 1.404004e-03 -1.204558e-03 2.036393e-03 -2.631808e-03 -2.125093e-03 -5.346595e-04 4.225078e-03 1.736296e-03 -4.223656e-04 -1.393816e-03 4.991481e-05 1.234192e-03 1.667558e-03 1.256887e-03 4.519258e-04 7.333998e-05 -2.170325e-03 9.125411e-04 4.407787e-04 1.547981e-03 -1.363962e-03 -5.299273e-04 -1.704566e-03 -1.256450e-02 -1.671021e-02 -1.855790e-02 3.097171e-01 0.000000e+00 3.970750e-01 -1.477754e-02 -6.268891e-03 -6.977576e-03 6.189438e-03 2.718983e-04 6.684836e-03
7.541044e-04 -7.415164e-04 -3.301794e-04 1.809031e-03 8.725225e-04 -1.741393e-03 -4.401408e-04 -2.051652e-03 -1.618999e-04 -2.788921e-04 3.894695e-04 1.547239e-03 -5.467588e-04 3.356726e-04 7.119988e-04 5.374574e-04 -2.408174e-04 2.011690e-03 -1.075219e-03 -1.279242e-03 1.443522e-03 4.926764e-04 -1.992638e-03 -4.896019e-04 -2.096088e-03 7.303978e-04 1.850757e-03 2.283595e-03 2.169881e-03 1.183866e-03 1.866328e-04 -1.709669e-03 -9.099163e-04 -1.777300e-03 9.095163e-05 -1.715498e-03 -8.948157e-04 9.154310e-04 -9.263758e-03 -1.460169e-02 -1.825084e-02 -2.085938e-02 3.970750e-01 0.000000e+00 3.324850e-01 -1.376785e-02 -1.317902e-02 -5.652283e-03 -6.944695e-03 1.664394e-03
8.898394e-04 1.926088e-03 1.187945e-03 2.601903e-03 2.568905e-03 1.106483e-03 -1.888338e-03 -1.876094e-03 -1.521656e-03 -2.047330e-03 -4.419596e-04 7.781997e-04 -1.578077e-03 -2.503528e-03 -2.036802e-03 5.604396e-04 -2.138527e-03 2.155216e-03 -3.009251e-03 -1.553503e-03 3.061929e-03 4.756721e-03 3.838462e-03 -8.539014e-05 -4.025071e-03 -1.749399e-03 -1.030263e-04 3.428005e-04 -3.875125e-04 -1.656875e-03 -2.089776e-03 -3.215887e-03 1.777355e-03 3.043289e-03 3.689681e-03 3.555288e-03 3.699991e-03 5.630574e-03 3.405625e-03 -5.395332e-04 -9.226912e-03 -1.339216e-02 -1.477754e-02 3.324850e-01 0.000000e+00 2.571785e-01 -1.852776e-02 6.219088e-03 -1.206658e-02 6.183299e-03
1.479555e-03 -1.641685e-03 -1.574353e-03 4.408843e-04 -2.167770e-03 8.815723e-04 1.419224e-03 6.702141e-04 1.832067e-03 1.797969e-03 1.214533e-03 3.401004e-04 1.378296e-03 1.348442e-03 2.294359e-04 -3.935235e-04 -4.426634e-04 1.758922e-03 3.014054e-03 2.370755e-03 2.298998e-03 -3.222315e-03 -4.455171e-03 1.704308e-03 1.761177e-04 8.235922e-04 3.256126e-04 1.437561e-03 1.121127e-03 1.364648e-03 9.926485e-04 3.968320e-04 -1.718919e-03 -5.858401e-03 9.408138e-04 1.783057e-04 -4.544542e-04 5.214061e-04 -4.518205e-04 5.190714e-03 1.264182e-03 -1.138612e-02 -6.268891e-03 -1.376785e-02 2.571785e-01 0.000000e+00 3.610066e-01 -2.835596e-03 -3.015204e-03 -1.136930e-02
-1.720620e-03 -3.042838e-03 -2.805437e-03 -9.109391e-04 -2.454585e-03 -1.855588e-03 5.136741e-04 1.009264e-03 1.068465e-03 2.322449e-03 7.948464e-04 2.172974e-03 2.335073e-03 1.133459e-03 1.499280e-03 -2.064016e-03 9.122339e-04 -3.430060e-04 2.381443e-03 2.007337e-03 1.379064e-03 -5.439486e-03 -6.441910e-03 -1.216337e-03 9.693942e-04 1.988501e-03 4.656540e-03 4.442673e-03 3.961659e-03 3.008507e-03 2.281701e-03 1.830158e-03 -4.919693e-03 -7.031043e-03 6.578460e-04 -2.900597e-03 -3.720881e-03 -4.862870e-04 -3.340086e-03 2.944121e-03 -1.021140e-03 -1.099663e-02 -6.977576e-03 -1.317902e-02 -1.852776e-02 3.610066e-01 0.000000e+00 1.852964e-01 -5.485224e-03 -1.902183e-02
8.195682e-05 6.074403e-04 5.495771e-05 1.947075e-03 2.065408e-03 -4.555314e-04 -1.114609e-03 -2.421843e-03 -1.126271e-03 -1.730821e-03 -3.460275e-04 -2.190434e-04 -1.630003e-03 -1.591216e-03 -1.308282e-03 3.055575e-05 -1.879849e-03 3.124060e-03 -2.522353e-03 -1.987031e-03 3.543192e-03 1.228536e-03 1.658744e-03 -2.064625e-03 -5.494235e-03 -3.051205e-03 -1.523832e-03 -7.189117e-04 -1.467063e-03 -1.502454e-03 -2.872121e-03 -3.669643e-03 3.284276e-04 2.121019e-03 2.867858e-03 2.398539e-03 3.720636e-03 4.200650e-03 3.897366e-03 4.685519e-03 7.596266e-03 1.473957e-03 6.189438e-03 -5.652283e-03 6.219088e-03 -2.835596e-03 1.852964e-01 0.000000e+00 2.058830e-01 -1.121858e-02
-1.058531e-03 -2.603661e-03 -3.167151e-03 6.040931e-04 -1.940459e-03 2.132598e-03 1.039084e-03 3.187759e-04 9.614703e-04 1.916476e-03 1.519430e-03 2.416953e-03 1.358272e-03 1.096884e-03 2.012874e-03 -2.010443e-04 2.093592e-03 2.501022e-04 1.315035e-03 1.097596e-03 1.648751e-04 -6.080839e-03 -4.901264e-03 3.849159e-03 1.899036e-03 3.419772e-03 6.430175e-03 7.667693e-03 4.822477e-03 2.943803e-03 3.044981e-03 6.622676e-04 -2.923815e-03 -4.783984e-03 -1.765922e-03 -1.843114e-03 -1.136058e-03 -5.029449e-04 -3.570354e-03 -4.778604e-06 -3.452401e-03 -1.244860e-02 2.718983e-04 -6.944695e-03 -1.206658e-02 -3.015204e-03 -5.485224e-03 2.058830e-01 0.000000e+00 2.555669e-01
-1.280528e-03 7.528714e-04 1.505276e-03 3.617001e-03 2.376514e-03 4.686192e-04 -1.049200e-03 -2.698239e-03 -1.085915e-03 -1.930278e-03 -1.094634e-03 -1.409918e-03 -2.307093e-03 -2.620523e-03 -1.363257e-03 3.579122e-04 -1.914084e-03 1.594586e-03 -3.097787e-03 -3.258585e-03 1.920767e-03 3.891446e-03 4.646002e-03 -2.940314e-04 -4.262300e-03 -9.216672e-04 -2.775043e-04 6.873320e-04 -1.177374e-03 -2.445234e-03 -1.280651e-03 -3.272794e-03 3.940142e-03 3.449793e-03 2.605897e-03 4.856777e-03 4.057177e-03 5.207419e-03 3.599292e-03 -1.759385e-03 3.346349e-04 2.821903e-03 6.684836e-03 1.664394e-03 6.183299e-03 -1.136930e-02 -1.902183e-02 -1.121858e-02 2.555669e-01 0.000000e+00
