0.000000e+00 1.893809e-01 -4.828184e-03 -5.330867e-03 -4.446585e-03 -5.219378e-03 -2.390714e-03 -1.654657e-03 -7.469764e-04 -2.034589e-04 -1.179023e-04 1.535698e-04 -2.696278e-04 2.034066e-03 1.624174e-04 9.078560e-04 3.356422e-04 1.728143e-03 9.273496e-04 -1.397297e-04 5.236072e-04 6.984706e-04 8.609846e-04 -2.938648e-04 -8.890852e-05 -1.105897e-04 -4.175731e-05 -4.788692e-04 -5.602257e-05 -1.739476e-05 2.032436e-04 -5.438641e-04 -6.699142e-04 2.002190e-04 1.268120e-03 7.582805e-04 -2.108518e-04 -1.349571e-04 -1.155427e-04 -6.112744e-04 1.673929e-04 9.974771e-04 -6.961065e-04 -3.769829e-04 -4.104777e-04 1.671194e-04 3.054778e-04 -5.364422e-04 -2.332214e-04 9.981697e-05 3.386758e-04 1.864475e-04 3.406324e-04 6.071434e-04 2.639331e-04 2.730056e-04 7.254417e-04 2.300076e-04 1.760982e-04 4.695063e-04 1.118260e-04 1.743728e-04 -4.259554e-04 -3.480810e-04 3.178372e-04 -8.586235e-04 -3.994853e-04 4.832435e-05 -1.042609e-04 -7.191423e-04 -4.169410e-04 5.643955e-05 3.655898e-04 -3.635548e-04 5.660739e-04 1.738878e-04 -8.072171e-05 3.392872e-05 -1.524946e-04 -3.595056e-04 8.569031e-05 3.481265e-04 -5.872777e-06 5.827766e-05 3.330732e-04 1.199088e-04 -5.744802e-05 2.105547e-04 3.233540e-04 2.877368e-04 3.350785e-04 7.311666e-05 -1.448031e-04 -5.103474e-04 2.617088e-04 -2.263151e-04 -4.490220e-04 -5.940638e-04 -3.974914e-04 4.273873e-04
1.893809e-01 0.000000e+00 2.215523e-01 -5.374209e-03 -4.782331e-03 -5.152995e-03 -1.629730e-04 -1.165206e-03 -2.345784e-04 2.297237e-04 9.728464e-04 3.652721e-04 4.293934e-04 1.826988e-03 8.306824e-04 9.949289e-04 1.208884e-03 1.912324e-03 1.351832e-03 3.043065e-04 8.144702e-04 7.589600e-04 6.530570e-04 6.139469e-05 2.726146e-04 8.349885e-05 -1.047635e-04 1.119622e-05 -1.267716e-04 4.463308e-04 3.011302e-04 -2.278243e-04 -8.039580e-05 2.541048e-04 9.358600e-04 1.229891e-03 4.270798e-04 6.531692e-05 4.833141e-05 9.580624e-06 1.030877e-05 -3.513118e-04 -3.633490e-04 -2.540972e-04 -2.036887e-04 -2.808804e-04 1.911662e-04 -5.868839e-04 -4.145823e-05 2.683200e-04 4.517880e-05 3.453540e-04 1.933579e-04 3.983612e-04 5.386314e-04 4.436951e-04 4.833822e-04 3.999629e-04 4.032403e-04 3.375437e-04 3.573113e-04 2.120886e-04 2.790349e-04 -1.016334e-04 1.018473e-03 -2.242848e-04 -7.535778e-04 -2.604889e-04 -2.208977e-04 -3.237165e-04 -3.109905e-04 -2.402790e-04 -4.456227e-04 -6.776793e-04 1.848218e-04 2.375668e-06 -3.925759e-04 -9.913418e-04 3.303341e-04 1.454842e-04 4.637813e-04 3.785525e-04 -5.203667e-04 -2.047921e-04 1.863117e-04 -1.647144e-04 2.621339e-04 -1.450241e-04 3.223501e-04 -3.125282e-06 2.333659e-04 1.452941e-04 2.642809e-04 3.053165e-04 -3.076473e-05 2.818021e-04 -1.750349e-04 -3.790474e-05 -2.828115e-04 -2.665196e-04
-4.828184e-03 2.215523e-01 0.000000e+00 3.331736e-01 -5.665166e-03 -5.364076e-03 -5.188203e-03 -4.292860e-03 -7.528446e-04 4.134839e-04 -3.995724e-04 -2.797863e-03 -1.681747e-03 6.749317e-04 -1.006649e-03 -4.543617e-05 -3.843701e-04 8.313051e-04 3.188204e-04 -4.205274e-04 1.850301e-04 -1.870032e-05 3.554374e-04 -1.453939e-04 -4.338780e-05 -8.359356e-05 -8.757936e-05 -2.405626e-04 -3.133864e-04 7.164712e-05 8.088851e-04 2.399417e-04 -3.964103e-04 3.496174e-04 4.559123e-04 3.888553e-04 -5.228930e-04 -6.153921e-04 -5.260906e-04 -5.997455e-04 -4.395583e-04 2.841897e-04 1.120829e-03 1.399861e-03 1.453385e-03 1.206851e-03 4.427446e-04 -4.693063e-04 -4.931067e-04 -5.878316e-04 -2.331762e-04 -2.069658e-04 1.929895e-04 2.675175e-04 3.947191e-04 -1.031516e-04 3.346323e-05 -1.039289e-04 5.752007e-05 -2.502475e-04 -1.940267e-04 8.153686e-05 -4.161805e-04 -4.833390e-04 -6.670706e-04 7.833391e-04 8.152006e-04 1.434472e-03 -2.075635e-04 -2.408914e-04 4.029423e-04 -6.073647e-05 8.447968e-04 3.185545e-04 5.853911e-04 7.330723e-04 4.771418e-04 4.485423e-04 -2.922826e-04 -4.989478e-04 -3.341076e-04 3.555972e-04 3.675696e-04 2.785678e-04 4.859658e-04 -4.382818e-04 -2.291706e-04 1.198718e-04 7.625887e-05 1.005615e-04 -1.291085e-04 -2.701770e-04 -7.916502e-04 -5.377334e-04 3.866835e-04 -1.665362e-04 -8.089493e-04 -3.106102e-04 -1.575926e-04 2.555562e-04
-5.330867e-03 -5.374209e-03 3.331736e-01 0.000000e+00 2.757613e-01 -4.928768e-03 -4.704616e-03 -4.188512e-03 -1.843092e-03 -1.029311e-04 -1.036955e-03 -2.804569e-03 -1.607894e-03 -6.130138e-05 -1.019379e-03 -5.597798e-04 -8.318550e-04 3.281522e-04 4.138059e-07 -3.582117e-04 1.173244e-04 -7.662230e-05 1.513993e-04 -2.022292e-04 -3.225369e-04 -4.895701e-04 -1.225885e-04 -2.398141e-04 -3.807638e-04 3.762685e-04 3.417639e-04 -8.868674e-05 -3.222996e-04 5.631502e-05 8.008255e-04 3.474528e-05 -7.293366e-04 -6.717741e-04 -7.031085e-04 -1.087014e-03 -6.827924e-04 9.205809e-04 8.617889e-04 1.290895e-03 1.115309e-03 1.245262e-03 2.561597e-04 -4.515181e-04 -8.087154e-04 -3.062902e-04 -1.848453e-04 -2.555039e-04 -5.379890e-06 8.198604e-05 9.377070e-05 2.358202e-04 -2.409281e-04 -1.908747e-04 -2.897065e-04 -2.095818e-04 -5.346686e-05 -8.967446e-05 -4.527522e-04 -6.340336e-04 -3.464103e-04 9.223558e-04 8.719156e-04 1.409768e-03 -1.224371e-04 -1.576138e-04 -1.727476e-05 -6.995963e-04 1.634636e-04 3.313232e-04 3.673487e-04 7.280910e-04 4.071060e-04 3.968289e-04 -3.957646e-04 -9.696854e-04 -5.430686e-04 9.911573e-05 5.656639e-04 2.738875e-04 -3.878059e-05 -2.575670e-04 -4.604315e-04 1.515538e-04 1.110613e-04 3.458254e-04 -4.925329e-04 -4.400993e-04 -5.566291e-04 -5.536702e-04 -3.375382e-06 1.271445e-04 -6.433185e-04 -3.986453e-04 -2.258174e-04 3.193675e-04
-4.446585e-03 -4.782331e-03 -5.665166e-03 2.757613e-01 0.000000e+00 3.450805e-01 -4.837717e-03 -3.449562e-03 -3.217809e-03 -1.880214e-03 -1.514027e-03 -2.006381e-03 -1.342537e-03 8.936927e-05 -1.384595e-03 -3.864677e-04 -3.339240e-04 7.003326e-04 2.071026e-04 -4.465765e-04 3.057819e-04 6.286112e-05 1.820635e-04 -1.045139e-04 -4.651128e-04 -1.848434e-04 -4.247731e-04 -2.782100e-04 -5.212008e-04 5.482874e-04 5.826696e-04 -5.156004e-05 -4.787926e-04 1.788659e-04 3.539486e-04 2.194909e-05 -5.650599e-04 -8.317901e-04 -1.064883e-03 -5.994854e-04 -6.701219e-04 2.235599e-04 1.034943e-03 4.600079e-04 1.954032e-03 8.385605e-04 -1.434155e-05 -4.839736e-04 -5.238878e-04 -6.173249e-04 -7.206581e-05 -1.061624e-04 1.791816e-04 1.370518e-05 1.646908e-05 -8.840895e-05 -1.138105e-04 -2.620201e-04 -4.256970e-05 -4.785693e-04 -2.882266e-04 -4.175496e-04 -3.343356e-04 -4.524688e-04 -4.380146e-04 9.430397e-04 1.010263e-03 1.134480e-03 1.106499e-05 -1.498988e-04 1.383648e-03 -2.560976e-04 -7.584247e-04 -6.013333e-04 -5.073840e-04 3.285252e-04 3.510859e-04 -7.773380e-04 -7.950327e-04 -4.694342e-04 -7.754742e-04 -4.656688e-04 -1.515449e-04 6.863719e-04 -1.669710e-04 -2.688932e-04 -2.527285e-04 -5.149498e-05 7.826517e-05 -3.105206e-06 -3.657123e-04 -4.161458e-04 -3.447358e-04 -5.410250e-04 2.241637e-04 -1.332156e-04 -3.039954e-04 -5.908967e-04 -1.526334e-04 2.992446e-04
-5.219378e-03 -5.152995e-03 -5.364076e-03 -4.928768e-03 3.450805e-01 0.000000e+00 2.311223e-01 -4.421536e-03 -2.724552e-03 -2.125143e-03 2.868634e-05 -2.202905e-03 -8.359206e-05 1.199127e-04 -1.225772e-03 2.304296e-04 -3.286153e-04 8.473388e-04 4.201047e-04 -9.967334e-05 3.558991e-04 2.678940e-04 2.909568e-04 2.807266e-04 -1.547192e-05 -1.160566e-05 7.160295e-05 -8.693675e-06 -1.970330e-04 3.953835e-04 3.547778e-04 3.411887e-04 -3.117272e-04 5.249986e-04 7.563979e-04 3.228174e-04 -3.376921e-04 -4.806663e-04 -5.594598e-04 -5.469122e-04 -3.252237e-04 9.514690e-04 9.038276e-04 9.744692e-04 9.662778e-04 9.991674e-04 3.445953e-04 -6.212081e-04 -3.296429e-04 -1.087293e-04 -7.936925e-05 -2.851750e-06 7.393921e-05 2.814565e-04 3.309322e-04 3.654533e-04 2.340012e-04 2.553836e-04 -2.623674e-04 -8.365856e-05 5.206151e-05 7.507351e-05 -3.168888e-04 -2.703545e-04 -4.271733e-06 1.058764e-03 1.385575e-03 1.349167e-03 3.777962e-04 -3.381764e-05 -5.739948e-04 -2.184515e-04 -3.509742e-04 -4.089135e-04 -5.598880e-04 4.947891e-04 3.861949e-04 -6.309247e-05 -5.289596e-04 -5.514108e-04 -8.479430e-04 4.385687e-04 3.062576e-04 5.829844e-04 1.159982e-04 2.254116e-04 -2.039113e-04 2.894881e-04 3.692299e-04 2.947262e-04 -4.448700e-05 -1.438340e-04 -4.563792e-04 -3.864619e-04 3.080097e-04 -7.816973e-05 -3.179793e-04 -2.475413e-04 4.695176e-04 4.303721e-04
-2.390714e-03 -1.629730e-04 -5.188203e-03 -4.704616e-03 -4.837717e-03 2.311223e-01 0.000000e+00 3.560793e-01 -3.061450e-03 -2.086363e-03 -2.497043e-03 -2.245095e-03 1.530820e-04 6.682108e-04 -4.845768e-04 6.632837e-05 3.401210e-04 6.831614e-04 8.424996e-04 3.217507e-04 8.713441e-04 4.304603e-04 2.614054e-04 3.833690e-04 3.203073e-04 5.906593e-05 2.301413e-04 3.593962e-04 3.932547e-04 7.678048e-04 4.863464e-04 7.753783e-04 3.641161e-04 7.689507e-04 8.637514e-04 3.776757e-04 1.603112e-04 -3.464367e-04 -5.046435e-04 -3.215976e-04 -4.090927e-04 4.942603e-04 2.704224e-04 -9.230307e-05 3.977665e-04 3.727744e-04 3.484577e-04 -4.921802e-04 -3.890368e-04 9.314366e-05 -6.559413e-06 1.616205e-04 3.397983e-04 5.518931e-04 6.238851e-04 2.181673e-04 4.421549e-04 3.625313e-04 2.581662e-04 2.785508e-04 1.959819e-04 1.727091e-04 -1.150795e-04 -4.343194e-04 5.925833e-04 9.648789e-05 -5.796654e-04 2.146993e-04 7.227191e-04 1.887910e-04 -3.595110e-04 -2.489894e-04 -3.629117e-04 -8.096238e-04 1.035403e-03 -5.531295e-04 -6.735246e-04 -7.196758e-04 7.811064e-05 -7.000356e-04 -9.731633e-04 -2.135788e-04 1.608073e-04 -6.324888e-04 2.380974e-04 -1.035864e-04 2.298230e-04 1.398554e-04 4.376471e-04 2.941217e-04 2.482323e-04 -4.381290e-07 1.799058e-05 -1.196925e-04 3.193834e-04 4.573141e-04 6.088131e-04 2.382413e-04 3.046724e-04 4.702425e-04
-1.654657e-03 -1.165206e-03 -4.292860e-03 -4.188512e-03 -3.449562e-03 -4.421536e-03 3.560793e-01 0.000000e+00 3.517466e-01 -4.560210e-03 -4.231896e-03 -4.236434e-03 -2.855373e-03 2.817171e-05 -1.462902e-03 -8.329604e-04 -3.006653e-04 7.572652e-04 2.696239e-04 -5.223066e-04 -6.300191e-05 2.375365e-04 3.306993e-04 -1.740386e-04 1.878734e-04 -2.508987e-05 2.526544e-04 -1.040169e-04 1.913625e-04 2.489979e-04 5.979603e-04 2.285952e-04 -1.241930e-04 4.554781e-04 7.058700e-04 3.113957e-04 -6.517959e-04 -1.931598e-04 -7.659092e-04 -6.594757e-04 -7.261897e-04 8.727587e-05 7.292431e-04 -2.592564e-04 4.427994e-04 3.673486e-04 5.030890e-04 -5.197076e-04 -4.154539e-04 -5.699928e-04 9.711046e-05 9.268791e-05 1.114641e-04 3.920146e-04 5.668148e-04 1.807614e-04 3.538180e-04 6.182123e-05 2.827077e-04 1.679704e-04 1.436943e-05 -2.475383e-05 -4.876516e-04 -8.205539e-04 3.822902e-04 -3.956774e-04 -7.950176e-04 -3.945119e-04 -1.632954e-05 -4.853383e-04 -5.373168e-04 -2.387684e-04 -4.724352e-04 -6.412329e-04 1.041450e-03 -4.549336e-04 -3.321169e-04 -7.221835e-04 -5.709651e-04 -5.604311e-04 -1.000362e-03 -1.989440e-04 -2.369081e-04 -3.098860e-04 1.322635e-04 -8.008265e-05 3.038312e-05 4.325012e-05 6.379115e-04 2.683506e-04 9.110697e-05 2.494776e-04 -6.751404e-04 -4.052992e-04 2.947292e-04 1.727811e-04 -6.649685e-05 1.031472e-04 3.024463e-04 5.369690e-04
-7.469764e-04 -2.345784e-04 -7.528446e-04 -1.843092e-03 -3.217809e-03 -2.724552e-03 -3.061450e-03 3.517466e-01 0.000000e+00 3.170939e-01 -4.319481e-03 -4.343668e-03 -3.702990e-03 -6.371127e-04 -1.938137e-03 -1.129964e-03 -1.523740e-03 3.683786e-04 -2.897352e-04 -9.315968e-04 2.178295e-04 -7.183590e-05 1.907611e-04 -3.948696e-04 -3.613062e-04 -3.157695e-04 -1.051869e-04 -5.795764e-04 -4.292031e-04 1.552507e-04 3.821931e-04 1.952560e-05 -7.196453e-04 5.037992e-05 3.360419e-04 -6.017086e-04 -9.623127e-04 -8.902677e-04 -8.437439e-04 -7.217519e-04 -8.053036e-04 4.420125e-04 1.207056e-03 8.583556e-04 6.271250e-04 1.151192e-03 4.943311e-04 -1.034205e-03 -6.769902e-04 -4.823464e-04 -2.102210e-04 -3.401360e-04 -2.028512e-04 -1.836318e-04 5.059471e-05 1.991612e-04 1.571994e-04 -2.198341e-04 -4.930396e-04 -1.624999e-04 -3.931104e-04 -6.247910e-04 -7.245548e-04 -7.289993e-04 -2.622554e-05 5.711277e-04 5.132323e-04 1.023578e-03 1.692881e-04 -2.543050e-04 -2.377464e-04 2.219926e-04 2.428550e-04 -7.218873e-05 6.194547e-04 6.953985e-04 3.778884e-04 3.950650e-04 5.659095e-05 -1.912643e-04 -1.233785e-04 6.629002e-04 5.410788e-04 3.485747e-04 3.372644e-04 1.433568e-04 -3.449571e-05 3.623613e-04 4.256964e-04 3.555928e-04 -9.452293e-05 -2.030600e-04 -4.610843e-04 -4.696521e-04 2.543831e-04 3.401609e-04 -1.242259e-05 -3.023603e-04 6.736102e-04 6.429263e-04
-2.034589e-04 2.297237e-04 4.134839e-04 -1.029311e-04 -1.880214e-03 -2.125143e-03 -2.086363e-03 -4.560210e-03 3.170939e-01 0.000000e+00 3.936274e-01 -3.997867e-03 -3.924777e-03 -8.743074e-04 -2.902800e-03 -2.307385e-03 -2.261237e-03 3.669809e-04 -1.289913e-04 -1.195172e-03 1.250452e-04 2.208631e-04 1.620574e-04 -2.473228e-04 -5.441523e-04 -5.747597e-04 -5.667946e-04 -6.432678e-04 -8.252469e-04 -5.867014e-05 1.935047e-04 7.808856e-05 -8.049811e-04 2.230291e-04 5.688406e-04 -2.727526e-04 -8.490705e-04 -6.900818e-04 -9.727805e-04 -9.037957e-04 -7.407411e-04 6.662576e-04 6.020171e-04 7.076038e-04 9.841947e-04 7.330332e-04 5.710371e-04 -9.702401e-04 -9.554075e-04 -3.732182e-04 -3.563005e-04 -3.257992e-04 1.249154e-05 -3.312594e-04 -3.574305e-05 -2.216778e-04 -7.955033e-05 -4.262100e-04 -6.289688e-04 -6.326172e-04 -4.294476e-04 -5.231736e-04 -1.015787e-03 -7.762300e-04 -6.182431e-04 3.604841e-04 4.895968e-04 3.639234e-04 6.676862e-04 -2.324554e-04 1.746564e-03 1.238045e-03 1.086324e-03 6.968817e-04 1.175066e-03 6.171555e-04 5.337798e-04 4.802736e-04 7.551594e-05 -5.623179e-04 -1.495961e-04 5.406787e-04 4.022250e-04 7.243561e-04 6.148964e-04 5.311488e-04 -1.856838e-04 3.257166e-04 6.845742e-04 2.819186e-04 -4.306340e-04 -2.152488e-04 -6.313995e-04 -5.580691e-04 3.946850e-04 1.751906e-04 -5.510396e-04 -1.637208e-04 4.768285e-04 4.463623e-04
-1.179023e-04 9.728464e-04 -3.995724e-04 -1.036955e-03 -1.514027e-03 2.868634e-05 -2.497043e-03 -4.231896e-03 -4.319481e-03 3.936274e-01 0.000000e+00 4.049398e-01 -4.961925e-03 -3.471281e-04 -3.903599e-03 -2.497210e-03 -2.015083e-03 3.708857e-04 4.389767e-04 -1.262469e-03 -3.519466e-04 -3.977797e-05 3.812872e-04 1.941512e-04 -2.428709e-04 -3.839925e-04 3.688917e-05 -7.142831e-04 -4.972399e-04 3.217720e-04 4.492601e-04 -5.994210e-05 -9.501771e-04 -4.159562e-05 8.290347e-04 2.264942e-04 -2.966154e-04 -5.000035e-04 -6.004237e-04 -7.828314e-04 -4.995015e-04 2.504679e-04 6.554328e-04 4.770898e-04 5.010979e-04 4.851166e-04 3.585616e-04 -8.139870e-04 -6.963724e-04 -7.520789e-04 -1.060251e-04 -2.361067e-04 1.281152e-04 -3.198804e-04 2.831902e-04 7.006695e-04 2.894535e-04 -2.859252e-04 -3.336450e-04 -5.129594e-04 -5.073170e-04 2.674882e-05 -5.595644e-04 -4.195509e-04 3.401086e-04 3.688720e-04 3.308746e-04 2.634235e-04 7.412204e-04 5.569017e-04 5.188514e-04 8.987067e-04 5.392876e-04 -4.195568e-05 8.012302e-04 3.730118e-04 8.983877e-05 2.955769e-04 6.896879e-04 -1.820857e-04 -3.858179e-05 6.714062e-04 3.877345e-04 2.581730e-04 2.498070e-04 2.405550e-04 -2.749946e-04 -8.530409e-05 1.488631e-04 1.683672e-04 -7.512947e-05 -1.594970e-04 -3.353799e-04 -2.336929e-04 3.621264e-04 3.642857e-04 -2.589029e-04 3.688578e-04 3.309297e-04 2.840580e-04
1.535698e-04 3.652721e-04 -2.797863e-03 -2.804569e-03 -2.006381e-03 -2.202905e-03 -2.245095e-03 -4.236434e-03 -4.343668e-03 -3.997867e-03 4.049398e-01 0.000000e+00 4.283942e-01 -3.099494e-03 -4.446782e-03 -3.465776e-03 -2.543688e-03 -1.252348e-03 -2.039724e-04 -6.762611e-04 -1.798308e-04 8.903930e-04 9.705391e-04 3.781513e-04 3.767695e-04 7.139628e-05 4.181578e-04 3.088911e-04 3.961039e-04 6.082836e-04 -4.446291e-04 -1.585982e-04 9.933185e-05 3.927166e-04 -1.182058e-04 2.278643e-04 3.064123e-04 3.454480e-04 -1.182670e-05 2.426284e-04 -4.288758e-04 -6.025339e-04 -6.618428e-04 -1.017248e-03 -1.015137e-03 -8.207011e-04 -7.752443e-04 3.559618e-04 2.955054e-04 4.831462e-04 2.446140e-04 3.619787e-04 7.409295e-04 9.129838e-04 4.109893e-04 1.036960e-03 2.178463e-04 6.140211e-04 1.708508e-04 5.313757e-04 1.626105e-05 3.139567e-04 1.566126e-04 3.687538e-04 -5.204332e-04 -1.366219e-03 -1.240586e-03 -1.043035e-03 1.913995e-04 3.206426e-04 -7.437932e-04 -3.372217e-04 -1.226805e-04 -5.273027e-04 4.990889e-04 -5.008509e-04 -3.987779e-04 -2.911313e-04 -4.625169e-04 8.803005e-04 1.207982e-04 -2.687302e-05 -6.250448e-04 -5.189019e-04 -2.908538e-04 -4.146259e-04 7.836819e-05 -1.640571e-04 -1.890691e-04 -1.337307e-04 2.651507e-04 2.235048e-04 7.969041e-05 1.671043e-04 -3.301863e-04 -2.989797e-04 5.430285e-04 5.467023e-04 -6.857183e-04 -5.376324e-04
-2.696278e-04 4.293934e-04 -1.681747e-03 -1.607894e-03 -1.342537e-03 -8.359206e-05 1.530820e-04 -2.855373e-03 -3.702990e-03 -3.924777e-03 -4.961925e-03 4.283942e-01 0.000000e+00 4.125834e-01 -4.903121e-03 -4.098257e-03 -3.957609e-03 -2.079740e-03 -2.282399e-03 -1.165760e-03 -3.698460e-04 1.686073e-04 7.610088e-04 1.231307e-03 8.767328e-04 3.722173e-04 8.328086e-04 4.391240e-04 7.167473e-04 6.441381e-04 -1.202983e-03 -9.147696e-04 4.033884e-04 -2.803999e-04 -8.255822e-04 4.492055e-04 5.071277e-04 4.279524e-04 1.007519e-04 3.689703e-04 3.998611e-04 -5.467080e-04 -9.850701e-04 -1.211301e-03 -1.119992e-03 -6.414790e-04 -4.811045e-04 1.979307e-04 4.588496e-04 4.252233e-04 1.101581e-04 7.306067e-04 4.393525e-04 8.579633e-04 8.818276e-04 7.967709e-04 8.214573e-04 7.781263e-04 1.032392e-03 4.562641e-04 6.695586e-04 1.498558e-04 3.653900e-04 5.980164e-04 5.018383e-05 -1.323649e-03 -1.229640e-03 -9.964766e-04 -1.126648e-04 4.581952e-04 -5.100659e-04 -6.209449e-05 -6.796872e-04 -3.534091e-04 1.644671e-04 -4.538208e-04 -4.686400e-04 -4.774622e-04 -6.141528e-04 2.489799e-04 5.123032e-04 -2.937478e-04 -3.092236e-04 -6.557335e-04 -4.044650e-04 -1.154187e-04 2.031530e-04 -3.065331e-04 -2.209844e-04 -4.607450e-04 4.416361e-04 -3.878307e-04 3.920260e-04 2.434000e-04 -4.807616e-04 -4.708490e-04 3.923327e-04 9.535887e-05 -4.788916e-04 -6.076012e-04
2.034066e-03 1.826988e-03 6.749317e-04 -6.130138e-05 8.936927e-05 1.199127e-04 6.682108e-04 2.817171e-05 -6.371127e-04 -8.743074e-04 -3.471281e-04 -3.099494e-03 4.125834e-01 0.000000e+00 2.766473e-01 -3.498358e-03 -4.628313e-03 -4.704603e-04 -2.523207e-03 -3.937535e-03 -1.105497e-03 -1.400634e-03 1.104237e-03 3.947327e-04 6.361377e-04 9.658607e-05 -2.391154e-04 -6.187742e-04 5.132375e-04 1.617953e-03 1.017610e-03 5.714174e-04 -1.370994e-03 3.850105e-04 7.806740e-04 2.699321e-04 -6.295903e-04 -2.493789e-04 -3.020094e-05 -2.657952e-04 -2.105218e-05 8.403000e-04 3.593918e-04 1.300536e-04 2.890919e-04 4.439613e-04 7.250058e-04 -4.413824e-04 -5.418464e-04 -3.401344e-04 3.719767e-06 -3.224845e-04 -2.419740e-04 -1.646301e-04 -2.798183e-05 8.915020e-05 2.109329e-05 8.153206e-06 1.029290e-04 -1.910754e-04 -5.160196e-04 -2.437156e-04 -4.748666e-04 -2.973649e-04 1.308391e-04 6.625743e-04 2.573164e-04 2.836739e-04 3.714826e-04 1.889637e-04 3.462256e-04 3.042920e-04 7.760555e-05 3.515385e-04 5.833205e-04 4.817845e-04 1.278950e-04 1.389700e-04 3.486068e-04 4.776228e-04 3.138773e-04 1.611729e-04 7.722082e-05 1.221321e-05 2.997579e-04 1.675644e-04 -1.061740e-04 6.002618e-05 2.316893e-04 1.810584e-04 1.647809e-04 4.030186e-04 -7.573474e-04 -4.992951e-05 3.678398e-05 1.794877e-04 -1.431995e-04 1.050113e-04 3.488609e-04 2.010008e-04
1.624174e-04 8.306824e-04 -1.006649e-03 -1.019379e-03 -1.384595e-03 -1.225772e-03 -4.845768e-04 -1.462902e-03 -1.938137e-03 -2.902800e-03 -3.903599e-03 -4.446782e-03 -4.903121e-03 2.766473e-01 0.000000e+00 3.927482e-01 -4.621704e-03 -4.263529e-03 -3.733198e-03 -2.104917e-03 -5.408529e-04 -9.064400e-04 -5.025290e-04 8.079087e-04 8.084776e-04 9.745716e-04 1.303700e-03 7.557967e-04 1.222164e-03 -2.914740e-04 -1.167829e-03 -1.262888e-03 2.492925e-04 -1.789747e-04 -8.953581e-04 7.941530e-04 5.133579e-04 9.271001e-04 3.507314e-04 6.204966e-04 1.075543e-03 -2.657378e-04 -6.538167e-04 -1.413850e-03 -1.019726e-03 -4.491786e-04 -3.635580e-04 3.946463e-04 2.945519e-04 3.490730e-04 4.250272e-04 3.575727e-04 3.265924e-04 3.602679e-04 -1.417513e-04 9.667873e-04 1.017944e-03 8.058740e-04 7.579800e-04 9.164822e-04 5.298968e-04 2.447158e-04 9.318533e-04 3.071396e-04 -2.116123e-04 -9.935240e-04 -9.469026e-04 -3.731515e-04 -2.922964e-04 -5.176775e-05 -4.482138e-04 -1.205056e-04 -2.975776e-04 -3.427074e-04 -2.085901e-04 -1.883062e-04 -1.120054e-04 -3.692338e-04 -1.877631e-04 2.851359e-04 6.934312e-04 -3.156313e-04 -3.996304e-04 -6.334723e-04 -6.060489e-04 -4.479896e-04 -1.791367e-04 -4.672454e-04 -3.957401e-04 -3.324787e-04 3.572603e-04 1.394112e-04 2.650098e-04 -2.774489e-05 -6.515094e-04 -4.941396e-04 6.111030e-05 -2.349131e-04 -5.384125e-04 -5.615431e-04
9.078560e-04 9.949289e-04 -4.543617e-05 -5.597798e-04 -3.864677e-04 2.304296e-04 6.632837e-05 -8.329604e-04 -1.129964e-03 -2.307385e-03 -2.497210e-03 -3.465776e-03 -4.098257e-03 -3.498358e-03 3.927482e-01 0.000000e+00 3.350597e-01 -5.845925e-03 -5.405809e-03 -3.667911e-03 -3.241645e-03 -2.131738e-03 -2.209244e-03 -4.496622e-04 8.484504e-04 5.963796e-04 1.563146e-03 4.355072e-04 5.070563e-04 5.999332e-04 -3.416348e-04 -3.836013e-04 1.729987e-04 5.482125e-04 -5.626821e-04 2.618906e-04 6.455197e-04 1.017933e-03 3.098867e-04 5.534864e-04 7.114405e-04 -1.076385e-04 -6.523143e-04 -7.750107e-04 -6.695192e-04 -6.591091e-04 -2.415094e-04 3.246250e-04 1.987664e-04 3.748393e-04 2.615161e-04 5.924086e-04 1.883749e-04 -2.309856e-04 1.885758e-05 3.904213e-04 -1.111484e-04 -1.193315e-04 1.355010e-04 4.603327e-04 3.084960e-04 6.764186e-04 4.059496e-04 3.499311e-04 5.309875e-04 -1.164021e-03 -8.792671e-04 -3.982063e-04 3.573839e-05 1.594896e-04 4.488841e-05 8.708062e-06 -1.302089e-04 -1.271685e-04 -3.846980e-07 -2.753640e-05 -1.610551e-04 -1.965997e-04 -1.736426e-06 4.774464e-04 6.237291e-04 1.512262e-04 -3.755344e-04 -2.971280e-04 -8.848967e-05 -1.059498e-05 -1.600293e-05 -4.071139e-04 -1.573533e-04 -1.307676e-04 2.821373e-05 4.257578e-04 2.670627e-04 -8.456953e-05 -6.169286e-04 -4.661264e-04 4.651673e-04 -1.753898e-04 -3.824550e-04 -2.997445e-04
3.356422e-04 1.208884e-03 -3.843701e-04 -8.318550e-04 -3.339240e-04 -3.286153e-04 3.401210e-04 -3.006653e-04 -1.523740e-03 -2.261237e-03 -2.015083e-03 -2.543688e-03 -3.957609e-03 -4.628313e-03 -4.621704e-03 3.350597e-01 0.000000e+00 3.347157e-01 -4.549279e-03 -4.407287e-03 -4.243913e-03 -3.385446e-03 -3.812438e-03 -1.463337e-03 2.782079e-05 4.031858e-04 4.503320e-04 3.495354e-04 6.020548e-04 -1.253404e-04 -1.705529e-03 -1.695227e-03 2.016744e-04 -1.459636e-04 -1.121035e-03 8.279585e-04 3.268661e-04 5.458030e-04 4.869246e-04 9.176962e-04 3.487341e-04 2.616676e-04 -7.822611e-04 -7.431416e-04 -1.323680e-03 -1.116692e-03 -2.701565e-04 2.952002e-04 1.758039e-04 3.393431e-04 1.877305e-04 -2.095526e-04 1.798267e-04 -5.244914e-04 -1.503421e-04 -4.095577e-04 -8.619837e-05 5.517229e-04 1.045487e-03 9.005296e-04 6.214899e-04 2.540661e-04 6.025795e-04 5.584141e-04 3.754566e-04 -4.638942e-04 -8.018525e-04 -5.011192e-04 3.847095e-06 2.223331e-04 -2.573610e-04 1.297393e-04 -2.206350e-04 -1.354164e-04 5.737234e-05 -2.046947e-04 -1.784875e-04 -2.514265e-04 -2.511483e-04 3.522448e-04 4.984916e-04 -2.219535e-04 -2.423849e-04 -3.712477e-04 -1.502113e-04 -2.696821e-04 -6.884154e-05 -2.847834e-04 -4.127995e-04 -2.762830e-04 1.124805e-04 2.871188e-04 1.026262e-04 4.062649e-05 -3.534793e-04 -2.337543e-04 -2.943379e-05 7.471250e-05 -3.190074e-04 -2.499896e-04
1.728143e-03 1.912324e-03 8.313051e-04 3.281522e-04 7.003326e-04 8.473388e-04 6.831614e-04 7.572652e-04 3.683786e-04 3.669809e-04 3.708857e-04 -1.252348e-03 -2.079740e-03 -4.704603e-04 -4.263529e-03 -5.845925e-03 3.347157e-01 0.000000e+00 3.416062e-01 -5.325747e-03 -4.948086e-03 -4.442840e-03 -4.621178e-03 -3.730295e-03 -3.167413e-03 -2.185868e-03 -2.686323e-03 -1.827515e-03 -1.456393e-03 -2.224950e-04 4.553415e-04 2.124844e-04 -6.099135e-04 7.951634e-04 -1.099780e-04 1.327247e-03 -5.325810e-04 -1.700137e-05 -2.668430e-04 2.123398e-04 4.051091e-04 5.804666e-04 2.666200e-04 -3.900906e-05 3.430572e-05 3.931356e-04 4.576040e-04 -1.318390e-04 -8.653457e-06 -5.311187e-05 -3.712349e-05 -4.772069e-04 -4.191451e-04 -6.820473e-04 -5.999835e-04 -1.018309e-03 -6.539096e-04 -5.187358e-04 -3.678088e-04 -1.331180e-04 -3.332905e-04 -4.220912e-04 -6.044659e-04 -2.614860e-04 8.815703e-04 6.323618e-04 1.221113e-04 3.443696e-04 3.542436e-04 2.720322e-04 1.861041e-04 3.638183e-04 3.652907e-04 2.921597e-04 3.472888e-04 1.813083e-04 2.805280e-04 -1.559315e-05 3.809948e-04 7.132497e-04 6.789257e-04 3.341049e-04 1.047240e-04 6.210544e-05 6.529663e-05 1.556206e-04 9.296892e-05 1.091641e-04 1.159196e-04 2.931277e-04 2.608156e-04 2.654077e-04 2.279378e-04 -3.858695e-05 2.322113e-04 3.167027e-04 3.996021e-04 2.848317e-04 1.921716e-04 8.666086e-05
9.273496e-04 1.351832e-03 3.188204e-04 4.138059e-07 2.071026e-04 4.201047e-04 8.424996e-04 2.696239e-04 -2.897352e-04 -1.289913e-04 4.389767e-04 -2.039724e-04 -2.282399e-03 -2.523207e-03 -3.733198e-03 -5.405809e-03 -4.549279e-03 3.416062e-01 0.000000e+00 2.627720e-01 -4.223789e-03 -3.396164e-03 -3.906145e-03 -2.939304e-03 -1.577913e-03 5.473080e-04 5.541572e-04 4.164287e-04 1.247729e-03 2.443948e-03 -5.416512e-05 -7.293210e-05 4.614539e-04 5.549587e-04 -6.618439e-04 1.985054e-05 3.808525e-05 2.879749e-04 4.192121e-04 6.980740e-04 4.807126e-05 7.726824e-04 -5.706224e-04 -5.138673e-04 -5.540253e-04 -6.168613e-04 2.922207e-04 3.560837e-04 4.345374e-04 4.036918e-04 3.167470e-04 1.290195e-04 1.237482e-04 -2.570967e-04 -3.445065e-04 -6.355963e-04 -4.522281e-05 -6.642210e-04 7.004541e-04 -4.300944e-05 3.636972e-05 3.298369e-04 5.117059e-04 7.187594e-04 1.026035e-03 -2.289816e-04 -3.279313e-04 -3.698453e-04 1.509628e-04 5.448529e-04 1.578035e-04 2.135153e-04 2.733550e-04 6.528060e-05 2.324032e-04 1.321550e-04 -4.087045e-05 1.275434e-05 2.371713e-04 2.925506e-04 4.426175e-04 2.600668e-04 -2.172135e-05 -1.856235e-04 9.497327e-05 2.500728e-04 2.293623e-04 -3.309792e-06 1.951039e-04 3.302602e-06 1.745165e-04 3.405527e-04 1.894613e-04 2.731269e-04 -2.364708e-04 -1.343537e-04 5.819621e-04 1.410064e-04 -2.138374e-04 -1.897917e-04
-1.397297e-04 3.043065e-04 -4.205274e-04 -3.582117e-04 -4.465765e-04 -9.967334e-05 3.217507e-04 -5.223066e-04 -9.315968e-04 -1.195172e-03 -1.262469e-03 -6.762611e-04 -1.165760e-03 -3.937535e-03 -2.104917e-03 -3.667911e-03 -4.407287e-03 -5.325747e-03 2.627720e-01 0.000000e+00 3.950998e-01 -5.370421e-03 -5.810952e-03 -4.120240e-03 -1.134475e-03 8.163907e-05 5.704316e-04 7.581023e-04 9.314186e-04 1.449351e-04 -1.681692e-03 -1.568171e-03 5.696146e-04 -3.106332e-04 -1.706711e-03 5.345751e-04 9.180035e-04 7.473188e-04 9.847902e-04 8.351866e-04 6.893870e-04 -2.164828e-04 -9.239934e-04 -8.553003e-04 -3.813670e-04 -7.492159e-04 -1.855771e-04 8.374147e-05 3.826348e-04 1.733722e-04 2.172381e-04 2.622133e-04 1.528412e-04 -5.239472e-04 -4.501849e-04 -1.460131e-04 -3.318235e-04 1.955253e-04 1.940951e-04 8.316301e-04 5.331161e-04 7.104193e-04 2.316897e-04 1.015350e-03 -3.401538e-04 -8.276156e-04 -4.497775e-04 -3.945724e-04 -4.089616e-04 2.347653e-04 -5.938640e-05 -1.501914e-04 -3.434783e-04 -1.381007e-04 1.731112e-06 -1.576275e-04 -9.036917e-05 -1.951633e-04 -1.293458e-04 4.142871e-04 1.179724e-04 -1.661606e-04 -3.880360e-04 -1.292337e-04 -3.569046e-04 -1.811071e-04 -4.944022e-05 -5.915083e-04 -5.194763e-04 -2.791927e-04 -4.121200e-05 -1.909466e-04 9.954739e-05 1.810808e-04 -2.438062e-04 -5.540726e-05 2.663396e-04 -9.820275e-05 -3.549183e-04 -2.383287e-04
5.236072e-04 8.144702e-04 1.850301e-04 1.173244e-04 3.057819e-04 3.558991e-04 8.713441e-04 -6.300191e-05 2.178295e-04 1.250452e-04 -3.519466e-04 -1.798308e-04 -3.698460e-04 -1.105497e-03 -5.408529e-04 -3.241645e-03 -4.243913e-03 -4.948086e-03 -4.223789e-03 3.950998e-01 0.000000e+00 3.665126e-01 -5.667635e-03 -4.260638e-03 -4.664574e-03 -3.252168e-03 -2.757396e-03 -2.641016e-03 -1.958560e-03 1.289157e-03 -3.632220e-04 -5.764844e-04 -3.551014e-04 -6.186828e-04 -7.556385e-04 6.543640e-04 9.880102e-04 2.134864e-04 2.272546e-04 1.102081e-03 4.250264e-04 5.016238e-04 -3.114268e-04 -1.487019e-04 -5.306550e-04 1.393849e-05 -7.880716e-06 3.221267e-04 5.431370e-04 2.465287e-04 -2.808340e-04 -1.619477e-04 -4.141905e-04 -6.782461e-04 -6.027919e-04 -1.105461e-03 -2.612973e-04 -3.721446e-04 -3.869163e-04 -3.003603e-04 -1.692382e-04 -2.187582e-05 -1.792161e-04 5.556773e-04 3.990966e-04 3.225731e-04 -6.212246e-04 -1.145508e-04 1.267132e-04 1.242658e-04 1.104225e-04 3.749356e-04 2.420818e-04 3.061320e-04 1.291768e-04 2.276932e-04 -5.380302e-05 -1.001012e-04 -2.512561e-05 5.424549e-04 1.331699e-04 3.774177e-05 -4.851646e-05 -6.632180e-05 2.716769e-04 1.981841e-04 2.745095e-04 1.237013e-04 4.481558e-05 -1.945763e-04 1.582079e-04 3.347928e-04 -1.566872e-04 1.809974e-04 -3.089747e-04 1.326728e-04 2.160789e-04 2.380870e-04 -2.806077e-04 -3.337348e-04
6.984706e-04 7.589600e-04 -1.870032e-05 -7.662230e-05 6.286112e-05 2.678940e-04 4.304603e-04 2.375365e-04 -7.183590e-05 2.208631e-04 -3.977797e-05 8.903930e-04 1.686073e-04 -1.400634e-03 -9.064400e-04 -2.131738e-03 -3.385446e-03 -4.442840e-03 -3.396164e-03 -5.370421e-03 3.665126e-01 0.000000e+00 2.967596e-01 -5.050279e-03 -4.586275e-03 -3.906611e-03 -2.168603e-03 -3.438083e-03 4.611513e-04 6.089901e-04 1.606383e-04 -5.053870e-04 -1.342097e-05 8.523140e-04 -2.082722e-03 -3.092170e-05 -5.688592e-04 6.428287e-05 -3.429295e-04 4.628177e-04 8.136536e-04 -1.102231e-04 -2.102327e-04 -6.899626e-04 -8.522563e-04 -5.503374e-04 1.466414e-05 4.768843e-04 2.627157e-04 8.104197e-05 -2.680285e-04 -3.269569e-04 4.458523e-05 -8.791152e-04 -6.284214e-04 -1.338661e-03 -6.834944e-04 -1.183652e-03 -5.367887e-04 -4.376785e-04 -5.699872e-04 -1.961652e-04 3.296320e-04 1.105082e-04 5.493372e-04 -1.926688e-04 -2.553723e-04 -2.957532e-04 1.290852e-04 2.835768e-04 2.878720e-04 2.671637e-04 1.727477e-04 2.113697e-05 1.099486e-04 2.373669e-04 -2.225387e-04 -3.968647e-05 1.002893e-04 4.638718e-04 4.817933e-04 -8.814266e-05 -2.913270e-04 -2.525455e-04 7.747177e-05 2.062633e-05 9.608385e-05 8.648745e-05 -9.820162e-06 -1.512067e-04 2.046221e-04 2.649351e-04 2.103004e-04 -5.207205e-06 -3.731518e-04 -7.665350e-05 4.284654e-04 -1.272894e-05 -3.761891e-04 -2.293511e-04
8.609846e-04 6.530570e-04 3.554374e-04 1.513993e-04 1.820635e-04 2.909568e-04 2.614054e-04 3.306993e-04 1.907611e-04 1.620574e-04 3.812872e-04 9.705391e-04 7.610088e-04 1.104237e-03 -5.025290e-04 -2.209244e-03 -3.812438e-03 -4.621178e-03 -3.906145e-03 -5.810952e-03 -5.667635e-03 2.967596e-01 0.000000e+00 3.181353e-01 -4.899019e-03 -4.655295e-03 -1.565954e-03 -3.070865e-03 1.794459e-03 3.185178e-03 9.191367e-04 4.664735e-04 1.062256e-03 3.682124e-04 -7.220420e-04 -6.135408e-04 -1.044533e-03 -5.596258e-06 1.969469e-04 3.839346e-04 4.937495e-04 1.935561e-04 1.575985e-04 -6.328394e-05 -2.309007e-04 -2.650561e-05 2.460863e-04 3.063434e-04 3.224269e-04 5.363494e-05 -2.103626e-05 -3.789153e-04 -6.064512e-04 -7.574236e-04 -6.509387e-04 -1.450411e-04 -7.548750e-04 -7.804422e-04 -4.131355e-04 -4.100221e-04 -5.011460e-04 -2.673523e-04 -3.876015e-04 1.405451e-04 5.068171e-04 5.618698e-04 -4.096148e-04 7.474481e-05 2.146861e-04 3.453344e-04 4.710008e-04 4.102713e-04 2.719883e-04 1.372082e-04 8.760977e-05 -8.349475e-05 4.724220e-04 -1.271696e-04 1.189991e-04 4.397234e-04 3.969459e-04 3.495328e-04 -1.276200e-04 -6.177659e-05 3.215560e-04 2.545228e-04 2.199570e-04 3.246824e-04 2.493011e-04 -2.624315e-05 5.668719e-04 2.102734e-04 6.592920e-04 1.678783e-04 -1.247441e-04 6.216810e-06 6.012665e-04 1.666197e-04 2.305066e-04 1.732389e-04
-2.938648e-04 6.139469e-05 -1.453939e-04 -2.022292e-04 -1.045139e-04 2.807266e-04 3.833690e-04 -1.740386e-04 -3.948696e-04 -2.473228e-04 1.941512e-04 3.781513e-04 1.231307e-03 3.947327e-04 8.079087e-04 -4.496622e-04 -1.463337e-03 -3.730295e-03 -2.939304e-03 -4.120240e-03 -4.260638e-03 -5.050279e-03 3.181353e-01 0.000000e+00 3.343401e-01 -4.597308e-03 -5.209729e-03 -4.122002e-03 -1.226891e-03 2.444980e-03 -2.028509e-03 -4.445892e-04 1.991306e-04 -3.307652e-05 -2.295837e-03 9.202602e-05 4.224238e-04 -1.854283e-04 4.763616e-05 8.741889e-04 8.896311e-04 5.212268e-04 -5.279428e-04 -6.714175e-04 -5.562336e-04 -4.506373e-04 -1.193368e-05 4.540248e-04 4.450699e-04 3.453537e-04 6.482450e-04 3.268554e-04 -3.652222e-04 -1.867732e-04 -2.865372e-04 1.471309e-04 -7.610492e-04 -5.981301e-05 3.477868e-05 -2.151207e-04 5.079870e-04 1.732751e-04 9.207099e-04 2.899937e-04 1.811937e-04 -5.385974e-05 -2.943979e-04 -2.570684e-04 8.470155e-05 3.437129e-04 -2.206497e-04 1.572012e-04 5.995100e-05 -1.057522e-07 2.183152e-04 6.314856e-06 4.716803e-05 -4.118580e-04 -8.097537e-06 3.162565e-04 2.934179e-04 1.449537e-04 -1.577919e-04 -1.014653e-04 -2.493298e-05 1.160398e-04 2.621313e-04 2.058968e-04 -6.460695e-05 -2.182869e-04 1.537387e-04 1.660363e-04 3.902240e-04 3.213080e-04 -1.102880e-04 -5.633052e-05 2.862351e-04 7.347669e-05 -1.729640e-04 -1.216257e-04
-8.890852e-05 2.726146e-04 -4.338780e-05 -3.225369e-04 -4.651128e-04 -1.547192e-05 3.203073e-04 1.878734e-04 -3.613062e-04 -5.441523e-04 -2.428709e-04 3.767695e-04 8.767328e-04 6.361377e-04 8.084776e-04 8.484504e-04 2.782079e-05 -3.167413e-03 -1.577913e-03 -1.134475e-03 -4.664574e-03 -4.586275e-03 -4.899019e-03 3.343401e-01 0.000000e+00 2.938734e-01 -5.654966e-03 -4.910481e-03 -1.585178e-03 1.731725e-03 -3.078375e-03 -5.886290e-04 3.618386e-04 -9.069770e-05 -2.406164e-03 -1.149186e-03 1.046022e-03 5.957403e-04 1.328856e-03 9.916956e-04 6.469818e-04 4.707715e-06 -4.652465e-04 -7.446206e-04 -5.966301e-04 -3.380277e-04 3.958315e-05 7.053322e-05 4.789128e-04 5.960441e-04 2.704349e-04 5.248930e-04 1.622729e-04 -5.298492e-05 1.350815e-04 -3.963806e-04 -2.974851e-04 4.351740e-04 3.924762e-05 7.427797e-04 5.213439e-04 4.822584e-04 6.546615e-04 1.619131e-04 1.155277e-05 -2.232278e-04 -8.650215e-04 -3.151764e-04 1.080890e-04 1.547799e-04 3.813379e-05 2.679112e-05 2.700391e-05 5.426826e-06 -4.783565e-05 5.812525e-05 -1.796188e-04 -1.891624e-04 4.323176e-05 5.192805e-04 4.131506e-04 -5.163978e-05 -5.278300e-04 -4.627398e-04 -2.509826e-04 3.445272e-05 1.412961e-04 -1.696835e-04 3.055691e-05 -2.274532e-04 4.759506e-04 1.638524e-04 3.677608e-04 3.013358e-04 -4.165808e-04 -2.438247e-04 3.204124e-04 2.818688e-04 -2.180933e-04 -2.438661e-04
-1.105897e-04 8.349885e-05 -8.359356e-05 -4.895701e-04 -1.848434e-04 -1.160566e-05 5.906593e-05 -2.508987e-05 -3.157695e-04 -5.747597e-04 -3.839925e-04 7.139628e-05 3.722173e-04 9.658607e-05 9.745716e-04 5.963796e-04 4.031858e-04 -2.185868e-03 5.473080e-04 8.163907e-05 -3.252168e-03 -3.906611e-03 -4.655295e-03 -4.597308e-03 2.938734e-01 0.000000e+00 3.067889e-01 -4.541530e-03 -1.966387e-03 2.757230e-04 -3.981594e-03 -1.460157e-03 -7.355855e-04 -7.287558e-04 -2.754516e-03 -1.853598e-04 7.303140e-04 1.518714e-03 9.826821e-04 1.142995e-03 6.833277e-04 2.083826e-04 -8.237458e-04 -9.378512e-04 -1.816561e-04 -4.163116e-04 -7.936574e-05 6.010025e-04 1.821934e-04 4.760186e-04 3.857988e-04 5.692683e-04 4.215387e-04 -7.655137e-05 6.496338e-05 3.019217e-04 1.327025e-05 8.641057e-04 4.225174e-04 -5.242059e-04 5.164227e-04 3.881014e-04 4.982454e-04 5.903886e-04 -4.423317e-04 -3.264856e-04 -7.126786e-04 -2.601900e-04 -3.621608e-04 -2.994359e-06 1.078651e-04 6.429851e-05 4.880339e-05 -2.098758e-04 3.350225e-05 -1.384629e-04 -1.478461e-04 -1.833427e-04 1.454085e-05 4.261940e-04 2.870183e-04 -1.123576e-04 -2.400393e-04 -2.233760e-04 -7.087598e-05 -2.456425e-05 2.061845e-04 -2.149754e-04 -5.671596e-05 -1.615977e-04 3.625985e-04 -5.304565e-05 5.855049e-04 2.546059e-04 -1.661219e-04 -1.748762e-04 2.130939e-04 5.900512e-05 -4.028501e-04 -3.203849e-04
-4.175731e-05 -1.047635e-04 -8.757936e-05 -1.225885e-04 -4.247731e-04 7.160295e-05 2.301413e-04 2.526544e-04 -1.051869e-04 -5.667946e-04 3.688917e-05 4.181578e-04 8.328086e-04 -2.391154e-04 1.303700e-03 1.563146e-03 4.503320e-04 -2.686323e-03 5.541572e-04 5.704316e-04 -2.757396e-03 -2.168603e-03 -1.565954e-03 -5.209729e-03 -5.654966e-03 3.067889e-01 0.000000e+00 3.486853e-01 -1.362865e-03 -5.947712e-04 -4.594040e-03 -3.008118e-03 -6.841696e-04 -5.046519e-04 -3.262633e-03 -7.697942e-04 7.210098e-04 8.444589e-04 1.357854e-03 1.255786e-03 6.097490e-04 1.177870e-04 -3.572954e-04 -7.462024e-04 -7.217635e-04 -5.519166e-04 -2.367349e-04 1.568395e-04 3.630747e-04 6.517081e-04 4.001490e-04 1.429922e-04 3.728896e-04 -8.106256e-05 -4.496344e-05 1.638407e-04 -1.508129e-04 3.083650e-04 -1.601136e-04 -8.053930e-05 2.832102e-04 4.065842e-04 2.125558e-04 1.577504e-04 1.849747e-04 -8.196981e-04 -2.878246e-04 -1.591030e-04 1.721900e-04 2.259165e-04 -4.114927e-05 3.846382e-05 7.308986e-06 -2.061463e-04 1.491662e-04 -8.135827e-05 -2.631326e-04 -2.767354e-04 -2.884416e-04 4.271587e-04 4.530295e-04 1.759810e-04 -2.903164e-04 -1.302348e-04 -2.648149e-04 7.723263e-05 1.864578e-04 -4.177924e-05 -2.854926e-04 -9.885741e-05 2.805619e-04 2.356658e-04 4.360009e-04 1.974229e-04 -2.946123e-04 -6.549101e-05 3.866236e-04 1.416052e-04 -2.343626e-04 -5.024947e-04
-4.788692e-04 1.119622e-05 -2.405626e-04 -2.398141e-04 -2.782100e-04 -8.693675e-06 3.593962e-04 -1.040169e-04 -5.795764e-04 -6.432678e-04 -7.142831e-04 3.088911e-04 4.391240e-04 -6.187742e-04 7.557967e-04 4.355072e-04 3.495354e-04 -1.827515e-03 4.164287e-04 7.581023e-04 -2.641016e-03 -3.438083e-03 -3.070865e-03 -4.122002e-03 -4.910481e-03 -4.541530e-03 3.486853e-01 0.000000e+00 4.307165e-01 -4.010758e-03 -5.823643e-03 -5.094971e-03 -1.106797e-03 -1.477206e-03 -3.202238e-03 -1.769418e-03 4.766097e-04 6.949517e-04 1.042897e-03 3.197983e-04 6.866128e-04 3.955150e-05 -1.102432e-03 -1.097381e-03 -9.468783e-04 -5.183419e-04 -4.229261e-04 4.004713e-04 6.555949e-04 3.104016e-04 9.901019e-05 1.776957e-04 8.820852e-05 5.519708e-04 5.609424e-04 2.357504e-04 3.482465e-04 3.022267e-04 1.518308e-04 4.960801e-04 6.747401e-04 3.747593e-04 7.929589e-04 1.643621e-04 -3.928871e-04 -5.619438e-04 -4.205577e-04 -5.271101e-04 6.204752e-05 3.332344e-04 -1.957150e-04 1.035981e-04 -5.507337e-05 -1.868735e-04 2.035513e-04 -5.168849e-05 -1.687890e-04 -4.807919e-04 -2.084418e-04 3.856704e-04 1.237403e-04 -1.761124e-04 -2.561620e-04 -3.895521e-04 -2.964887e-04 -5.521905e-05 3.568378e-04 -2.915029e-04 -1.197660e-04 -4.091051e-04 2.258510e-04 3.167648e-04 3.445452e-04 -2.559055e-04 -3.464114e-04 -9.777572e-05 8.214831e-05 6.182541e-05 -3.381365e-04 -3.978766e-04
-5.602257e-05 -1.267716e-04 -3.133864e-04 -3.807638e-04 -5.212008e-04 -1.970330e-04 3.932547e-04 1.913625e-04 -4.292031e-04 -8.252469e-04 -4.972399e-04 3.961039e-04 7.167473e-04 5.132375e-04 1.222164e-03 5.070563e-04 6.020548e-04 -1.456393e-03 1.247729e-03 9.314186e-04 -1.958560e-03 4.611513e-04 1.794459e-03 -1.226891e-03 -1.585178e-03 -1.966387e-03 -1.362865e-03 4.307165e-01 0.000000e+00 3.247167e-01 -4.633876e-03 -5.696705e-03 -2.264353e-03 -2.657992e-03 -5.350670e-03 -3.262140e-03 1.711021e-05 6.302981e-05 1.128605e-03 8.547442e-04 6.260082e-04 -4.052135e-04 -9.927220e-04 -8.661110e-04 -1.114785e-03 -6.731789e-04 -1.313667e-04 2.660886e-05 5.715504e-05 3.027321e-04 2.578441e-04 5.807770e-04 3.156788e-04 -5.349889e-06 3.429578e-04 6.717604e-04 6.861497e-04 3.602606e-05 5.173330e-04 5.900404e-04 8.667339e-04 5.118475e-04 4.900301e-04 3.693130e-04 -1.771240e-04 -2.626400e-04 -3.694034e-04 -2.494381e-04 1.055040e-04 1.468304e-04 -2.722097e-04 1.299067e-04 -6.279187e-05 -2.644213e-04 2.417112e-04 -1.980987e-04 -2.181125e-04 -1.980982e-04 -3.581105e-04 4.375152e-04 3.484307e-04 -3.205722e-06 -4.762717e-04 -5.270937e-04 -1.504829e-04 -2.983372e-04 2.914135e-04 -2.465985e-04 -9.542996e-04 -4.012946e-04 4.560011e-04 2.561331e-04 3.568184e-04 4.570425e-04 -3.343718e-04 -1.968442e-04 1.883474e-04 8.339749e-05 -2.220093e-04 -4.932567e-04
