650788.000000 109075.580000 32334.307000 23342.879000 16275.184000 12777.268000 10164.814000 7535.419000 7429.392000 6042.522000 5828.056000 5212.925000 4352.190400 4177.780000 5156.852500 6041.409700 5834.884000 6712.948700 5316.823000 5435.617700 6742.910600 7216.318000 7131.175000 5783.681000 4171.186000 3951.331500 4213.971700 4523.843800 4508.005000 4302.777300 4505.729500 5114.081500 6854.498500 6788.882000 7160.758000 6071.334500 5899.529300 6470.772500 5267.258000 5498.427700 5649.498500 4893.541500 4788.789600 4547.592000 4376.312500 4080.972400 3554.909200 4050.240700 3833.363300 3718.688500
109075.580000 721344.300000 149013.550000 30968.975000 21664.377000 12026.918000 9316.144000 5941.334500 5940.552200 4457.953600 4497.022500 4144.947800 3196.510700 3158.109900 4223.749500 5478.966300 4607.404300 6653.798300 3607.685500 3604.603000 5907.937500 9197.030000 10154.918000 4948.580600 3125.947800 3112.827400 3505.276400 3537.379400 3240.773700 3216.707000 3449.594700 3801.270500 6977.380400 11335.970000 7684.552200 8104.706000 8007.400000 7831.990700 6973.280300 5238.735400 5437.473000 6211.931600 4896.829000 4260.870000 4637.589400 3350.778800 2818.088100 4095.504400 3175.439200 4073.968300
32334.307000 149013.550000 731007.940000 94876.090000 36624.120000 16809.799000 11962.182000 7109.458000 7124.180700 5165.257000 5321.391000 4677.740000 3313.465000 3350.024400 4748.185000 5487.345700 4516.021500 6261.994000 3442.609400 3539.667500 5963.057000 8271.284000 9120.772000 5034.829600 3209.166700 3522.472700 3701.476300 3830.245800 3742.208300 3514.124500 3805.272000 4178.778000 7287.375000 14708.680000 8733.913000 8797.143000 7621.940000 7760.230000 7014.625000 4933.619600 5379.334500 6024.166000 5128.809600 4580.838000 4857.435000 3649.641000 2832.558800 4236.870600 3383.575200 4409.100600
23342.879000 30968.975000 94876.090000 668921.750000 159783.450000 34201.566000 19053.660000 10631.506000 9426.860000 7674.467000 6457.410000 5928.419000 4788.065000 4633.431600 5555.568400 5999.245000 5583.604000 6172.707500 4155.237300 4172.303700 5911.974600 7076.734400 7607.333000 5878.401400 4011.556600 4136.324700 4641.409700 5128.890000 4834.998000 4520.501000 4718.740000 5271.218800 7854.646500 8199.700000 9182.281000 6861.323700 6531.864300 7754.641000 6356.862000 5923.175300 5975.891000 5965.450000 6051.041000 5756.738300 5756.372600 4761.437500 3996.001700 4906.694000 4930.895500 5103.214000
16275.184000 21664.377000 36624.120000 159783.450000 654079.800000 118016.900000 28297.242000 11568.892000 10651.190000 7355.177200 6939.539600 6106.720000 4295.019000 4078.152600 5055.371600 6342.248000 5062.483400 6993.179700 3357.059300 3728.657200 6380.831000 9106.996000 9672.426000 5830.770000 3444.000000 3706.699500 4039.051500 4315.413600 4018.185000 3783.478500 4112.919400 4673.969700 8257.507000 10038.566000 8300.590000 8271.184000 7870.268600 8229.690000 7115.978000 5758.751000 6158.401000 7224.182600 6184.036600 5681.124000 6323.364700 4343.421000 3387.638700 5426.114000 4183.700000 5824.730500
12777.268000 12026.918000 16809.799000 34201.566000 118016.900000 661190.800000 129328.980000 27725.137000 19495.428000 13773.336000 10037.830000 9021.350000 7266.938500 6825.400000 7567.062000 7383.335000 7018.007300 7139.773000 5327.033000 5187.886700 6349.818400 6733.941000 6674.505400 6594.781700 5170.179700 4906.884000 5478.598600 6481.163600 6415.368000 5756.282700 6180.152000 7055.424300 8016.992000 6618.475000 7351.473000 5675.489700 5200.371000 5854.693000 5154.686500 5759.040500 5991.588000 5188.392000 5394.893600 4922.926000 5298.762000 5172.398400 4501.425300 4886.290500 5103.679000 4550.133000
10164.814000 9316.144000 11962.182000 19053.660000 28297.242000 129328.980000 635553.060000 108201.790000 43820.246000 23561.049000 14962.521000 12064.195000 10074.803000 8961.230000 9583.986000 8482.602000 8251.961000 8069.176300 6564.267600 6443.957500 7175.002000 6104.888000 6115.297400 6730.558000 6154.120600 5798.863000 6251.396500 7417.310500 7373.608400 7164.509000 7291.546000 7731.375500 7677.322300 5668.154300 6374.581500 4913.580600 4587.498000 4940.413600 4346.994000 5346.362300 5599.238300 4351.023400 4747.542000 4632.533000 4653.473000 5101.510700 4866.419400 4752.973000 4918.563500 4059.567400
7535.419000 5941.334500 7109.458000 10631.506000 11568.892000 27725.137000 108201.790000 647329.900000 161300.730000 49167.770000 22789.404000 16087.055000 13504.331000 11666.854500 11039.669000 8370.598000 9280.085000 7352.923300 8829.229000 8148.800300 6311.810500 3922.463400 3823.324700 6285.742000 6856.788000 6506.360400 6733.488300 7794.701700 8458.920000 8520.622000 8278.602000 8823.601000 6423.565000 3639.887200 4986.242000 3597.360400 3080.993200 3552.913300 2911.508500 4748.178000 4552.122600 2794.779300 3635.628400 3680.596700 3492.215000 4777.704000 4803.102500 3739.208700 4398.667500 2808.752000
7429.392000 5940.552200 7124.180700 9426.860000 10651.190000 19495.428000 43820.246000 161300.730000 617382.300000 137066.690000 34844.344000 20833.920000 15061.531000 12403.422000 12102.259000 9980.682000 9689.564000 8844.020000 8377.250000 8040.173000 6942.801300 4630.074000 4497.617000 6127.302700 6013.451000 5671.147500 6147.457000 6945.134300 7436.434600 7912.182000 7658.789000 8131.141600 6814.661600 4156.161000 5041.370000 4108.208000 3541.904000 3782.039300 3328.724900 4757.772500 4823.626000 3233.898000 3854.936300 3851.671900 3876.553000 4797.569000 4726.822800 4025.172000 4329.430700 3254.187500
6042.522000 4457.953600 5165.257000 7674.467000 7355.177200 13773.336000 23561.049000 49167.770000 137066.690000 603137.560000 152033.340000 48145.086000 27860.734000 20544.516000 17694.953000 11086.211000 11865.397000 8476.432000 9891.359000 8926.222000 6734.274000 3764.483200 3392.871600 6117.403300 6761.953000 6155.947800 6488.830000 7372.178000 8298.334000 8602.467000 8284.329000 8639.876000 5993.840300 3317.850800 4541.618700 3366.865200 2823.311300 3321.081800 2811.804200 4569.790000 4421.372000 2661.635700 3431.729200 3807.152600 3584.129000 4784.651400 5106.557000 3615.919700 4534.275000 2772.076400
5828.056000 4497.022500 5321.391000 6457.410000 6939.539600 10037.830000 14962.521000 22789.404000 34844.344000 152033.340000 653993.940000 134864.220000 40689.848000 26192.615000 22120.190000 14386.208000 12706.908000 10391.714000 9243.330000 8446.581000 7139.571000 4446.024000 4302.625500 5600.095700 5507.718300 5322.788000 5646.047400 6047.593000 6799.605000 7350.908700 7188.753400 7625.671400 6065.927000 3806.915500 4368.136700 3783.791300 3239.824500 3392.003000 2997.124000 4216.801300 4235.574700 2952.286400 3642.554400 3974.890000 3823.113800 4694.570300 4412.614300 3939.721000 4294.098600 3113.643000
5212.925000 4144.947800 4677.740000 5928.419000 6106.720000 9021.350000 12064.195000 16087.055000 20833.920000 48145.086000 134864.220000 628589.700000 148435.270000 57941.953000 41638.926000 19054.220000 15868.780000 11233.712000 9367.640000 8294.204000 6807.207000 4407.102000 4219.196000 5530.407000 5460.380000 5439.001500 5490.730000 6290.589000 6660.192000 7050.602000 7152.071000 7217.110400 5819.804700 3548.876500 4527.679700 3730.454800 3141.399400 3430.315700 3119.630400 4143.650000 4288.030000 3046.373500 3786.708500 4184.762700 3930.659000 4523.549000 4592.310500 3898.461200 4438.816400 3074.244900
4352.190400 3196.510700 3313.465000 4788.065000 4295.019000 7266.938500 10074.803000 13504.331000 15061.531000 27860.734000 40689.848000 148435.270000 635589.440000 162082.940000 72189.640000 22412.559000 19861.957000 10925.133000 11065.739000 9607.355000 6342.837400 3530.987500 3063.695600 5552.860400 6188.561000 5765.471000 5861.380400 6846.866700 7414.904300 7407.982000 7538.092300 7130.394000 4797.281000 2778.023400 4103.085000 3002.770800 2521.483200 3000.283700 2553.323200 3884.025000 3865.140600 2462.213400 3468.080300 3652.933800 3399.016800 4486.333500 4878.461000 3379.132800 4323.482000 2643.575000
4177.780000 3158.109900 3350.024400 4633.431600 4078.152600 6825.400000 8961.230000 11666.854500 12403.422000 20544.516000 26192.615000 57941.953000 162082.940000 636748.250000 173951.420000 30590.473000 24551.412000 12185.907000 11877.086000 10050.236000 6874.854500 3651.525400 3267.787400 5516.635700 6188.025400 5621.468800 5803.780300 6817.783700 7278.239000 7017.757000 7257.103500 7028.951700 4870.316400 2808.186300 4263.078600 2894.720500 2530.351300 2925.721700 2670.981700 3896.868700 4020.738000 2409.503700 3435.349400 3846.188000 3454.921900 4657.107400 4891.841000 3490.800300 4439.280000 2685.005600
5156.852500 4223.749500 4748.185000 5555.568400 5055.371600 7567.062000 9583.986000 11039.669000 12102.259000 17694.953000 22120.190000 41638.926000 72189.640000 173951.420000 595017.400000 119042.110000 43098.637000 18517.184000 13626.866000 11326.295000 8702.558000 5261.586000 4673.288600 6150.628000 5814.731400 5292.662000 5566.319000 6592.718300 6787.769500 6497.979000 6745.363000 7076.880000 5815.841300 3960.294000 4876.654300 3681.619000 3181.030500 3674.404000 3343.668500 4543.115000 4723.140600 3250.415000 3998.226800 4241.475600 4048.647500 4870.648400 5005.976600 4112.658000 4799.023000 3349.863300
6041.409700 5478.966300 5487.345700 5999.245000 6342.248000 7383.335000 8482.602000 8370.598000 9980.682000 11086.211000 14386.208000 19054.220000 22412.559000 30590.473000 119042.110000 624225.400000 195542.860000 38762.574000 16111.344000 13020.528000 11771.152000 8979.375000 7520.003000 6827.306000 5243.483000 5161.242000 5459.098600 5719.661600 5716.893600 5724.844000 5827.462400 6203.316000 6926.291500 5427.948700 5262.281700 4918.628000 4809.017600 4789.504400 4333.727000 4978.553700 5212.617000 4449.733400 4686.774000 4712.562500 4941.038600 5000.538600 4513.808600 5123.664000 4719.147500 4234.536600
5834.884000 4607.404300 4516.021500 5583.604000 5062.483400 7018.007300 8251.961000 9280.085000 9689.564000 11865.397000 12706.908000 15868.780000 19861.957000 24551.412000 43098.637000 195542.860000 603164.440000 117926.760000 27287.826000 19307.770000 14429.481000 7729.337000 6019.775000 7730.125000 6992.763000 6420.505400 6743.877400 7306.866000 7333.393000 6872.333000 6889.295000 7494.098000 6203.550000 4022.083500 5049.075700 3808.102000 3672.050000 4147.011700 3573.042200 5162.113000 5253.907000 3785.796400 4574.597000 4612.576000 4426.718800 5417.017600 5529.407700 4648.393600 5368.745600 3823.228300
6712.948700 6653.798300 6261.994000 6172.707500 6993.179700 7139.773000 8069.176300 7352.923300 8844.020000 8476.432000 10391.714000 11233.712000 10925.133000 12185.907000 18517.184000 38762.574000 117926.760000 656177.940000 85780.900000 33505.520000 26846.734000 17386.906000 12708.674000 9512.830000 7101.379000 6881.337400 6875.422400 6875.418500 6584.155300 6383.095000 6484.113300 6838.241700 8378.655000 7059.890000 5563.529300 5855.550000 6002.394000 5707.887000 5327.277000 5723.764600 6210.194300 5778.752000 5518.429700 5567.193400 5888.544400 5540.121000 5147.286600 6420.767000 5195.404000 5318.931600
5316.823000 3607.685500 3442.609400 4155.237300 3357.059300 5327.033000 6564.267600 8829.229000 8377.250000 9891.359000 9243.330000 9367.640000 11065.739000 11877.086000 13626.866000 16111.344000 27287.826000 85780.900000 717088.000000 157417.890000 44513.848000 10746.251000 6269.725000 10124.238000 10396.743000 8896.648000 8613.089000 8956.573000 8643.972000 8643.900000 7771.957500 8127.323000 5192.816400 2739.382800 3839.079600 2766.415500 2527.246600 3129.126500 2908.162600 5061.707500 5037.977000 2809.000000 3907.529000 4206.532000 3860.539300 5742.411000 6362.658700 4176.686500 5530.049000 3342.123300
5435.617700 3604.603000 3539.667500 4172.303700 3728.657200 5187.886700 6443.957500 8148.800300 8040.173000 8926.222000 8446.581000 8294.204000 9607.355000 10050.236000 11326.295000 13020.528000 19307.770000 33505.520000 157417.890000 677071.900000 140748.920000 15720.937500 7943.735000 11245.377000 11347.939000 9815.299000 9090.466000 9077.529000 8808.569000 8928.687000 7909.490700 7852.600000 5348.220000 2889.025600 3841.023400 3124.175000 2621.865000 3217.255000 2811.863500 4917.471000 4801.223000 3043.768600 4135.451000 4398.626500 4159.252400 6120.601600 6427.622000 4600.575000 5491.595700 3371.994400
6742.910600 5907.937500 5963.057000 5911.974600 6380.831000 6349.818400 7175.002000 6311.810500 6942.801300 6734.274000 7139.571000 6807.207000 6342.837400 6874.854500 8702.558000 11771.152000 14429.481000 26846.734000 44513.848000 140748.920000 662957.800000 111390.840000 20933.607000 13364.378000 9440.842000 8017.344000 7888.307000 7719.092000 6944.299000 6422.507000 6088.465000 6822.874500 7695.426300 6319.196000 5208.977500 5161.307000 4964.663000 5069.555000 5025.792000 5849.492000 6268.187500 5531.419400 5436.863300 5557.046400 6193.302000 6149.086000 5466.312500 6356.930700 5667.770500 5404.091000
7216.318000 9197.030000 8271.284000 7076.734400 9106.996000 6733.941000 6104.888000 3922.463400 4630.074000 3764.483200 4446.024000 4407.102000 3530.987500 3651.525400 5261.586000 8979.375000 7729.337000 17386.906000 10746.251000 15720.937500 111390.840000 748376.400000 103502.900000 14246.366000 6489.095700 6314.130000 6057.577000 5343.276000 4517.019500 3926.906200 4235.145000 4714.092300 9743.567000 12791.848000 7230.036000 9127.697000 9764.169000 8887.478000 8955.826000 6407.372000 7070.852500 9610.207000 7218.415500 6304.126000 7539.438000 5031.553700 3823.104000 7079.307000 4667.135300 7192.559600
7131.175000 10154.918000 9120.772000 7607.333000 9672.426000 6674.505400 6115.297400 3823.324700 4497.617000 3392.871600 4302.625500 4219.196000 3063.695600 3267.787400 4673.288600 7520.003000 6019.775000 12708.674000 6269.725000 7943.735000 20933.607000 103502.900000 722320.440000 88093.500000 12138.634000 11514.774000 10417.565000 8527.699000 6213.800000 4956.302700 5066.184600 5706.201700 13116.173000 17463.256000 8392.894000 10906.663000 11857.597000 10272.910000 10473.677000 6941.676300 7719.102500 11004.514000 7659.260000 6577.589400 8023.990700 5128.396500 4016.913600 8259.972000 5060.466300 8364.321000
5783.681000 4948.580600 5034.829600 5878.401400 5830.770000 6594.781700 6730.558000 6285.742000 6127.302700 6117.403300 5600.095700 5530.407000 5552.860400 5516.635700 6150.628000 6827.306000 7730.125000 9512.830000 10124.238000 11245.377000 13364.378000 14246.366000 88093.500000 607925.500000 164117.060000 63453.137000 44742.617000 34037.387000 18487.994000 12459.157000 10911.451000 10844.190000 10603.381000 6373.904000 5944.509000 4716.036000 4114.920400 4453.118700 4257.394000 5672.785600 6065.725600 5257.185000 5960.386700 6279.419000 6818.688000 7482.867700 6946.436000 7017.551000 7293.273000 6090.243700
4171.186000 3125.947800 3209.166700 4011.556600 3444.000000 5170.179700 6154.120600 6856.788000 6013.451000 6761.953000 5507.718300 5460.380000 6188.561000 6188.025400 5814.731400 5243.483000 6992.763000 7101.379000 10396.743000 11347.939000 9440.842000 6489.095700 12138.634000 164117.060000 616130.500000 187054.950000 76748.260000 46604.780000 22537.615000 15423.486000 12566.057000 11155.939000 6667.829000 2969.565200 4124.066400 2630.440000 2279.541500 2589.431200 2344.877000 4166.199000 4229.250500 2708.639000 4180.187000 4881.191000 4464.979000 6603.378000 6925.307600 4869.706000 6684.704600 3916.863800
3951.331500 3112.827400 3522.472700 4136.324700 3706.699500 4906.884000 5798.863000 6506.360400 5671.147500 6155.947800 5322.788000 5439.001500 5765.471000 5621.468800 5292.662000 5161.242000 6420.505400 6881.337400 8896.648000 9815.299000 8017.344000 6314.130000 11514.774000 63453.137000 187054.950000 641607.250000 152324.080000 60768.395000 23729.203000 15678.996000 12595.366000 11011.973000 7297.962400 3366.011700 4155.065400 2978.761200 2426.992700 2776.043000 2545.747300 4042.162800 4242.903300 2825.508500 4105.372000 4870.701000 4557.018000 6134.413000 6576.718000 5019.697800 6761.975600 4207.672000
4213.971700 3505.276400 3701.476300 4641.409700 4039.051500 5478.598600 6251.396500 6733.488300 6147.457000 6488.830000 5646.047400 5490.730000 5861.380400 5803.780300 5566.319000 5459.098600 6743.877400 6875.422400 8613.089000 9090.466000 7888.307000 6057.577000 10417.565000 44742.617000 76748.260000 152324.080000 645167.500000 151011.640000 32369.814000 19206.182000 15107.977000 12652.664000 8629.972000 3967.748300 4731.942400 3253.388700 2588.810300 2911.419700 2655.965300 4052.719500 4376.643000 2971.540800 4286.317000 5048.406700 4823.621000 6374.818000 6860.783700 5490.069300 6989.430700 4419.647000
4523.843800 3537.379400 3830.245800 5128.890000 4315.413600 6481.163600 7417.310500 7794.701700 6945.134300 7372.178000 6047.593000 6290.589000 6846.866700 6817.783700 6592.718300 5719.661600 7306.866000 6875.418500 8956.573000 9077.529000 7719.092000 5343.276000 8527.699000 34037.387000 46604.780000 60768.395000 151011.640000 588096.100000 140020.400000 35176.650000 24956.424000 20158.633000 11909.027000 4533.130400 5946.164600 3566.450700 2870.297400 3160.492000 2947.087200 4766.699700 4869.091000 3187.264000 4583.843800 5284.660600 5018.142000 7021.113000 7649.956500 5659.391000 7856.457000 4742.303700
4508.005000 3240.773700 3742.208300 4834.998000 4018.185000 6415.368000 7373.608400 8458.920000 7436.434600 8298.334000 6799.605000 6660.192000 7414.904300 7278.239000 6787.769500 5716.893600 7333.393000 6584.155300 8643.972000 8808.569000 6944.299000 4517.019500 6213.800000 18487.994000 22537.615000 23729.203000 32369.814000 140020.400000 608659.060000 152251.660000 61917.465000 41534.520000 16957.662000 5096.072800 6373.072800 3675.864000 2882.205600 3141.248500 2757.937700 4499.549000 4892.602000 3000.180000 4296.263000 4866.962000 4578.440000 6709.317000 7354.590000 5339.395000 7450.213400 4442.144500
4302.777300 3216.707000 3514.124500 4520.501000 3783.478500 5756.282700 7164.509000 8520.622000 7912.182000 8602.467000 7350.908700 7050.602000 7407.982000 7017.757000 6497.979000 5724.844000 6872.333000 6383.095000 8643.900000 8928.687000 6422.507000 3926.906200 4956.302700 12459.157000 15423.486000 15678.996000 19206.182000 35176.650000 152251.660000 639224.800000 153444.000000 68994.234000 20586.105000 5533.007300 6315.293000 3940.308000 2853.843000 3168.235000 2556.530000 4531.633000 4498.169000 2613.313200 3828.281500 4389.553000 4017.260300 6193.795000 6774.032700 4822.158700 6619.276000 4077.285000
4505.729500 3449.594700 3805.272000 4718.740000 4112.919400 6180.152000 7291.546000 8278.602000 7658.789000 8284.329000 7188.753400 7152.071000 7538.092300 7257.103500 6745.363000 5827.462400 6889.295000 6484.113300 7771.957500 7909.490700 6088.465000 4235.145000 5066.184600 10911.451000 12566.057000 12595.366000 15107.977000 24956.424000 61917.465000 153444.000000 636914.800000 166010.700000 29659.322000 7249.434000 7388.246000 4694.322300 3430.143300 3596.634500 3082.020300 4638.901400 4861.436000 2938.561800 4217.277300 4579.810000 4419.462000 6119.237000 6530.605000 5154.726000 6771.640000 4330.439000
5114.081500 3801.270500 4178.778000 5271.218800 4673.969700 7055.424300 7731.375500 8823.601000 8131.141600 8639.876000 7625.671400 7217.110400 7130.394000 7028.951700 7076.880000 6203.316000 7494.098000 6838.241700 8127.323000 7852.600000 6822.874500 4714.092300 5706.201700 10844.190000 11155.939000 11011.973000 12652.664000 20158.633000 41534.520000 68994.234000 166010.700000 646953.100000 87999.060000 11684.138000 9603.003000 5939.129400 4333.881300 4529.300000 3720.776100 5823.551000 5716.142600 3566.517800 4422.854000 4837.115000 4667.761000 6615.808000 6810.154000 5648.619000 6857.542500 4744.305000
6854.498500 6977.380400 7287.375000 7854.646500 8257.507000 8016.992000 7677.322300 6423.565000 6814.661600 5993.840300 6065.927000 5819.804700 4797.281000 4870.316400 5815.841300 6926.291500 6203.550000 8378.655000 5192.816400 5348.220000 7695.426300 9743.567000 13116.173000 10603.381000 6667.829000 7297.962400 8629.972000 11909.027000 16957.662000 20586.105000 29659.322000 87999.060000 695711.750000 92594.190000 18978.781000 14708.267000 11036.664000 9748.456000 8747.947000 8075.158700 8259.059000 8228.345000 7224.652000 6644.581000 7487.094700 6491.968800 5324.974600 7442.895000 6446.240700 7491.764000
6788.882000 11335.970000 14708.680000 8199.700000 10038.566000 6618.475000 5668.154300 3639.887200 4156.161000 3317.850800 3806.915500 3548.876500 2778.023400 2808.186300 3960.294000 5427.948700 4022.083500 7059.890000 2739.382800 2889.025600 6319.196000 12791.848000 17463.256000 6373.904000 2969.565200 3366.011700 3967.748300 4533.130400 5096.072800 5533.007300 7249.434000 11684.138000 92594.190000 731679.900000 93957.660000 45255.750000 24686.434000 17962.771000 16440.664000 8805.265000 9181.813000 12870.437500 7814.864300 6388.165000 7373.001000 4608.154300 3359.568400 7040.298300 4375.163600 7893.011700
7160.758000 7684.552200 8733.913000 9182.281000 8300.590000 7351.473000 6374.581500 4986.242000 5041.370000 4541.618700 4368.136700 4527.679700 4103.085000 4263.078600 4876.654300 5262.281700 5049.075700 5563.529300 3839.079600 3841.023400 5208.977500 7230.036000 8392.894000 5944.509000 4124.066400 4155.065400 4731.942400 5946.164600 6373.072800 6315.293000 7388.246000 9603.003000 18978.781000 93957.660000 745397.500000 124826.836000 24910.719000 18745.030000 12737.006000 10528.675000 10311.706000 9869.021000 8508.630000 7313.278300 7476.573700 5891.766600 4837.153000 6351.019500 5974.906200 6689.989300
6071.334500 8104.706000 8797.143000 6861.323700 8271.184000 5675.489700 4913.580600 3597.360400 4108.208000 3366.865200 3783.791300 3730.454800 3002.770800 2894.720500 3681.619000 4918.628000 3808.102000 5855.550000 2766.415500 3124.175000 5161.307000 9127.697000 10906.663000 4716.036000 2630.440000 2978.761200 3253.388700 3566.450700 3675.864000 3940.308000 4694.322300 5939.129400 14708.267000 45255.750000 124826.836000 760817.940000 106273.280000 26988.895000 17715.025000 10052.512000 10047.734000 12109.443000 8043.394500 6633.847000 7113.054000 4601.025400 3521.275000 6433.197800 4449.393600 6725.234400
5899.529300 8007.400000 7621.940000 6531.864300 7870.268600 5200.371000 4587.498000 3080.993200 3541.904000 2823.311300 3239.824500 3141.399400 2521.483200 2530.351300 3181.030500 4809.017600 3672.050000 6002.394000 2527.246600 2621.865000 4964.663000 9764.169000 11857.597000 4114.920400 2279.541500 2426.992700 2588.810300 2870.297400 2882.205600 2853.843000 3430.143300 4333.881300 11036.664000 24686.434000 24910.719000 106273.280000 783716.100000 105222.320000 28628.010000 13075.225000 12613.793000 15843.119000 9414.963000 7142.934000 7990.234400 4712.476600 3494.233000 6499.585000 4297.773400 6616.213000
6470.772500 7831.990700 7760.230000 7754.641000 8229.690000 5854.693000 4940.413600 3552.913300 3782.039300 3321.081800 3392.003000 3430.315700 3000.283700 2925.721700 3674.404000 4789.504400 4147.011700 5707.887000 3129.126500 3217.255000 5069.555000 8887.478000 10272.910000 4453.118700 2589.431200 2776.043000 2911.419700 3160.492000 3141.248500 3168.235000 3596.634500 4529.300000 9748.456000 17962.771000 18745.030000 26988.895000 105222.320000 741619.200000 108243.516000 25229.729000 19850.041000 20634.777000 12197.803000 9051.095000 9478.440000 6031.955000 4577.254000 7221.525400 5484.022500 7513.988000
5267.258000 6973.280300 7014.625000 6356.862000 7115.978000 5154.686500 4346.994000 2911.508500 3328.724900 2811.804200 2997.124000 3119.630400 2553.323200 2670.981700 3343.668500 4333.727000 3573.042200 5327.277000 2908.162600 2811.863500 5025.792000 8955.826000 10473.677000 4257.394000 2344.877000 2545.747300 2655.965300 2947.087200 2757.937700 2556.530000 3082.020300 3720.776100 8747.947000 16440.664000 12737.006000 17715.025000 28628.010000 108243.516000 749251.060000 126629.960000 39074.900000 29693.482000 13421.308000 9194.957000 9681.091000 5806.507000 4397.668500 7234.290000 5048.526400 7278.590000
5498.427700 5238.735400 4933.619600 5923.175300 5758.751000 5759.040500 5346.362300 4748.178000 4757.772500 4569.790000 4216.801300 4143.650000 3884.025000 3896.868700 4543.115000 4978.553700 5162.113000 5723.764600 5061.707500 4917.471000 5849.492000 6407.372000 6941.676300 5672.785600 4166.199000 4042.162800 4052.719500 4766.699700 4499.549000 4531.633000 4638.901400 5823.551000 8075.158700 8805.265000 10528.675000 10052.512000 13075.225000 25229.729000 126629.960000 699333.060000 146532.500000 32288.470000 15909.029000 11285.505000 10739.679000 8888.493000 7643.403300 7793.848000 6821.292000 6646.868000
5649.498500 5437.473000 5379.334500 5975.891000 6158.401000 5991.588000 5599.238300 4552.122600 4823.626000 4421.372000 4235.574700 4288.030000 3865.140600 4020.738000 4723.140600 5212.617000 5253.907000 6210.194300 5037.977000 4801.223000 6268.187500 7070.852500 7719.102500 6065.725600 4229.250500 4242.903300 4376.643000 4869.091000 4892.602000 4498.169000 4861.436000 5716.142600 8259.059000 9181.813000 10311.706000 10047.734000 12613.793000 19850.041000 39074.900000 146532.500000 656320.440000 117877.910000 24231.250000 15219.780000 14064.610000 10600.622000 8281.929000 9523.839000 7501.536600 7986.513000
4893.541500 6211.931600 6024.166000 5965.450000 7224.182600 5188.392000 4351.023400 2794.779300 3233.898000 2661.635700 2952.286400 3046.373500 2462.213400 2409.503700 3250.415000 4449.733400 3785.796400 5778.752000 2809.000000 3043.768600 5531.419400 9610.207000 11004.514000 5257.185000 2708.639000 2825.508500 2971.540800 3187.264000 3000.180000 2613.313200 2938.561800 3566.517800 8228.345000 12870.437500 9869.021000 12109.443000 15843.119000 20634.777000 29693.482000 32288.470000 117877.910000 702546.200000 121441.760000 26196.742000 22418.021000 10280.857000 6806.325000 11543.095000 6946.882000 10363.125000
4788.789600 4896.829000 5128.809600 6051.041000 6184.036600 5394.893600 4747.542000 3635.628400 3854.936300 3431.729200 3642.554400 3786.708500 3468.080300 3435.349400 3998.226800 4686.774000 4574.597000 5518.429700 3907.529000 4135.451000 5436.863300 7218.415500 7659.260000 5960.386700 4180.187000 4105.372000 4286.317000 4583.843800 4296.263000 3828.281500 4217.277300 4422.854000 7224.652000 7814.864300 8508.630000 8043.394500 9414.963000 12197.803000 13421.308000 15909.029000 24231.250000 121441.760000 640711.500000 176967.600000 53426.477000 20060.373000 13576.941000 15106.289000 11021.062000 11083.036000
4547.592000 4260.870000 4580.838000 5756.738300 5681.124000 4922.926000 4632.533000 3680.596700 3851.671900 3807.152600 3974.890000 4184.762700 3652.933800 3846.188000 4241.475600 4712.562500 4612.576000 5567.193400 4206.532000 4398.626500 5557.046400 6304.126000 6577.589400 6279.419000 4881.191000 4870.701000 5048.406700 5284.660600 4866.962000 4389.553000 4579.810000 4837.115000 6644.581000 6388.165000 7313.278300 6633.847000 7142.934000 9051.095000 9194.957000 11285.505000 15219.780000 26196.742000 176967.600000 673831.250000 130334.970000 27657.484000 17766.172000 17591.996000 12491.096000 11625.737000
4376.312500 4637.589400 4857.435000 5756.372600 6323.364700 5298.762000 4653.473000 3492.215000 3876.553000 3584.129000 3823.113800 3930.659000 3399.016800 3454.921900 4048.647500 4941.038600 4426.718800 5888.544400 3860.539300 4159.252400 6193.302000 7539.438000 8023.990700 6818.688000 4464.979000 4557.018000 4823.621000 5018.142000 4578.440000 4017.260300 4419.462000 4667.761000 7487.094700 7373.001000 7476.573700 7113.054000 7990.234400 9478.440000 9681.091000 10739.679000 14064.610000 22418.021000 53426.477000 130334.970000 670540.400000 91575.375000 33368.312000 33090.850000 16044.769000 16415.130000
4080.972400 3350.778800 3649.641000 4761.437500 4343.421000 5172.398400 5101.510700 4777.704000 4797.569000 4784.651400 4694.570300 4523.549000 4486.333500 4657.107400 4870.648400 5000.538600 5417.017600 5540.121000 5742.411000 6120.601600 6149.086000 5031.553700 5128.396500 7482.867700 6603.378000 6134.413000 6374.818000 7021.113000 6709.317000 6193.795000 6119.237000 6615.808000 6491.968800 4608.154300 5891.766600 4601.025400 4712.476600 6031.955000 5806.507000 8888.493000 10600.622000 10280.857000 20060.373000 27657.484000 91575.375000 619023.750000 193649.580000 63283.830000 25231.938000 15058.998000
3554.909200 2818.088100 2832.558800 3996.001700 3387.638700 4501.425300 4866.419400 4803.102500 4726.822800 5106.557000 4412.614300 4592.310500 4878.461000 4891.841000 5005.976600 4513.808600 5529.407700 5147.286600 6362.658700 6427.622000 5466.312500 3823.104000 4016.913600 6946.436000 6925.307600 6576.718000 6860.783700 7649.956500 7354.590000 6774.032700 6530.605000 6810.154000 5324.974600 3359.568400 4837.153000 3521.275000 3494.233000 4577.254000 4397.668500 7643.403300 8281.929000 6806.325000 13576.941000 17766.172000 33368.312000 193649.580000 694856.500000 91641.840000 30355.210000 13098.141000
4050.240700 4095.504400 4236.870600 4906.694000 5426.114000 4886.290500 4752.973000 3739.208700 4025.172000 3615.919700 3939.721000 3898.461200 3379.132800 3490.800300 4112.658000 5123.664000 4648.393600 6420.767000 4176.686500 4600.575000 6356.930700 7079.307000 8259.972000 7017.551000 4869.706000 5019.697800 5490.069300 5659.391000 5339.395000 4822.158700 5154.726000 5648.619000 7442.895000 7040.298300 6351.019500 6433.197800 6499.585000 7221.525400 7234.290000 7793.848000 9523.839000 11543.095000 15106.289000 17591.996000 33090.850000 63283.830000 91641.840000 651823.900000 104466.400000 44591.940000
3833.363300 3175.439200 3383.575200 4930.895500 4183.700000 5103.679000 4918.563500 4398.667500 4329.430700 4534.275000 4294.098600 4438.816400 4323.482000 4439.280000 4799.023000 4719.147500 5368.745600 5195.404000 5530.049000 5491.595700 5667.770500 4667.135300 5060.466300 7293.273000 6684.704600 6761.975600 6989.430700 7856.457000 7450.213400 6619.276000 6771.640000 6857.542500 6446.240700 4375.163600 5974.906200 4449.393600 4297.773400 5484.022500 5048.526400 6821.292000 7501.536600 6946.882000 11021.062000 12491.096000 16044.769000 25231.938000 30355.210000 104466.400000 644433.000000 155714.730000
3718.688500 4073.968300 4409.100600 5103.214000 5824.730500 4550.133000 4059.567400 2808.752000 3254.187500 2772.076400 3113.643000 3074.244900 2643.575000 2685.005600 3349.863300 4234.536600 3823.228300 5318.931600 3342.123300 3371.994400 5404.091000 7192.559600 8364.321000 6090.243700 3916.863800 4207.672000 4419.647000 4742.303700 4442.144500 4077.285000 4330.439000 4744.305000 7491.764000 7893.011700 6689.989300 6725.234400 6616.213000 7513.988000 7278.590000 6646.868000 7986.513000 10363.125000 11083.036000 11625.737000 16415.130000 15058.998000 13098.141000 44591.940000 155714.730000 636948.200000
