1.000000e+00 1.638692e-01 4.857729e-02 3.506906e-02 2.445095e-02 1.919587e-02 1.527106e-02 1.132080e-02 1.116151e-02 9.077955e-03 8.755753e-03 7.831613e-03 6.538493e-03 6.276468e-03 7.747373e-03 9.076284e-03 8.766011e-03 1.008517e-02 7.987704e-03 8.166175e-03 1.013018e-02 1.084140e-02 1.071349e-02 8.689086e-03 6.266562e-03 5.936264e-03 6.330841e-03 6.796376e-03 6.772580e-03 6.464257e-03 6.769162e-03 7.683116e-03 1.029782e-02 1.019925e-02 1.075793e-02 9.121241e-03 8.863130e-03 9.721335e-03 7.913240e-03 8.260537e-03 8.487498e-03 7.351789e-03 7.194416e-03 6.832054e-03 6.574733e-03 6.131030e-03 5.340701e-03 6.084860e-03 5.759035e-03 5.586754e-03
1.638692e-01 1.000000e+00 2.238698e-01 4.652609e-02 3.254738e-02 1.806858e-02 1.399607e-02 8.925936e-03 8.924761e-03 6.697386e-03 6.756081e-03 6.227143e-03 4.802263e-03 4.744572e-03 6.345530e-03 8.231299e-03 6.921912e-03 9.996303e-03 5.419989e-03 5.415358e-03 8.875762e-03 1.381711e-02 1.525619e-02 7.434477e-03 4.696253e-03 4.676542e-03 5.266136e-03 5.314365e-03 4.868761e-03 4.832605e-03 5.182482e-03 5.710821e-03 1.048243e-02 1.703054e-02 1.154485e-02 1.217607e-02 1.202988e-02 1.176635e-02 1.047627e-02 7.870390e-03 8.168962e-03 9.332466e-03 7.356728e-03 6.401298e-03 6.967261e-03 5.034027e-03 4.233741e-03 6.152862e-03 4.770606e-03 6.120507e-03
4.857729e-02 2.238698e-01 1.000000e+00 1.425366e-01 5.502207e-02 2.525412e-02 1.797133e-02 1.068086e-02 1.070298e-02 7.760000e-03 7.994567e-03 7.027581e-03 4.977969e-03 5.032893e-03 7.133413e-03 8.243888e-03 6.784624e-03 9.407677e-03 5.171988e-03 5.317803e-03 8.958571e-03 1.242632e-02 1.370255e-02 7.564053e-03 4.821277e-03 5.291970e-03 5.560896e-03 5.754352e-03 5.622089e-03 5.279428e-03 5.716833e-03 6.277968e-03 1.094815e-02 2.209752e-02 1.312135e-02 1.321635e-02 1.145079e-02 1.165855e-02 1.053839e-02 7.412000e-03 8.081618e-03 9.050378e-03 7.705243e-03 6.882000e-03 7.297545e-03 5.483021e-03 4.255481e-03 6.365243e-03 5.083298e-03 6.623992e-03
3.506906e-02 4.652609e-02 1.425366e-01 1.000000e+00 2.400499e-01 5.138256e-02 2.862518e-02 1.597219e-02 1.416240e-02 1.152970e-02 9.701260e-03 8.906532e-03 7.193327e-03 6.961014e-03 8.346382e-03 9.012938e-03 8.388501e-03 9.273538e-03 6.242601e-03 6.268241e-03 8.881827e-03 1.063170e-02 1.142884e-02 8.831389e-03 6.026743e-03 6.214188e-03 6.973000e-03 7.705364e-03 7.263837e-03 6.791353e-03 7.089177e-03 7.919191e-03 1.180039e-02 1.231878e-02 1.379496e-02 1.030808e-02 9.813116e-03 1.165015e-02 9.550202e-03 8.898655e-03 8.977852e-03 8.962166e-03 9.090753e-03 8.648609e-03 8.648059e-03 7.153323e-03 6.003374e-03 7.371549e-03 7.407908e-03 7.666790e-03
2.445095e-02 3.254738e-02 5.502207e-02 2.400499e-01 1.000000e+00 1.773021e-01 4.251223e-02 1.738047e-02 1.600177e-02 1.105002e-02 1.042558e-02 9.174402e-03 6.452602e-03 6.126793e-03 7.594914e-03 9.528247e-03 7.605598e-03 1.050617e-02 5.043462e-03 5.601731e-03 9.586212e-03 1.368185e-02 1.453132e-02 8.759830e-03 5.174077e-03 5.568743e-03 6.068050e-03 6.483241e-03 6.036701e-03 5.684091e-03 6.179025e-03 7.021916e-03 1.240563e-02 1.508139e-02 1.247035e-02 1.242617e-02 1.182386e-02 1.236384e-02 1.069066e-02 8.651633e-03 9.252045e-03 1.085322e-02 9.290558e-03 8.535010e-03 9.499877e-03 6.525318e-03 5.089403e-03 8.151897e-03 6.285362e-03 8.750757e-03
1.919587e-02 1.806858e-02 2.525412e-02 5.138256e-02 1.773021e-01 1.000000e+00 1.942968e-01 4.165273e-02 2.928886e-02 2.069231e-02 1.508029e-02 1.355318e-02 1.091745e-02 1.025411e-02 1.136834e-02 1.109232e-02 1.054347e-02 1.072640e-02 8.003043e-03 7.793997e-03 9.539620e-03 1.011670e-02 1.002741e-02 9.907639e-03 7.767395e-03 7.371834e-03 8.230747e-03 9.736946e-03 9.638098e-03 8.647924e-03 9.284722e-03 1.059968e-02 1.204429e-02 9.943235e-03 1.104445e-02 8.526545e-03 7.812753e-03 8.795771e-03 7.744119e-03 8.652067e-03 9.001434e-03 7.794756e-03 8.104993e-03 7.395935e-03 7.960570e-03 7.770728e-03 6.762695e-03 7.340896e-03 7.667488e-03 6.835871e-03
1.527106e-02 1.399607e-02 1.797133e-02 2.862518e-02 4.251223e-02 1.942968e-01 1.000000e+00 1.625565e-01 6.583314e-02 3.539683e-02 2.247887e-02 1.812459e-02 1.513583e-02 1.346286e-02 1.439846e-02 1.274380e-02 1.239729e-02 1.212269e-02 9.861797e-03 9.681049e-03 1.077933e-02 9.171650e-03 9.187288e-03 1.011162e-02 9.245614e-03 8.711895e-03 9.391756e-03 1.114336e-02 1.107771e-02 1.076357e-02 1.095442e-02 1.161520e-02 1.153399e-02 8.515525e-03 9.576823e-03 7.381895e-03 6.892006e-03 7.422207e-03 6.530686e-03 8.032082e-03 8.411989e-03 6.536740e-03 7.132447e-03 6.959664e-03 6.991123e-03 7.664231e-03 7.311042e-03 7.140607e-03 7.389381e-03 6.098872e-03
1.132080e-02 8.925936e-03 1.068086e-02 1.597219e-02 1.738047e-02 4.165273e-02 1.625565e-01 1.000000e+00 2.423294e-01 7.386697e-02 3.423755e-02 2.416831e-02 2.028817e-02 1.752764e-02 1.658539e-02 1.257553e-02 1.394189e-02 1.104663e-02 1.326455e-02 1.224231e-02 9.482519e-03 5.892894e-03 5.743954e-03 9.443355e-03 1.030126e-02 9.774800e-03 1.011602e-02 1.171033e-02 1.270822e-02 1.280092e-02 1.243732e-02 1.325610e-02 9.650413e-03 5.468367e-03 7.491057e-03 5.404478e-03 4.628716e-03 5.337703e-03 4.374091e-03 7.133403e-03 6.838860e-03 4.198724e-03 5.461969e-03 5.529527e-03 5.246513e-03 7.177761e-03 7.215919e-03 5.617583e-03 6.608317e-03 4.219715e-03
1.116151e-02 8.924761e-03 1.070298e-02 1.416240e-02 1.600177e-02 2.928886e-02 6.583314e-02 2.423294e-01 1.000000e+00 2.059215e-01 5.234824e-02 3.129974e-02 2.262762e-02 1.863422e-02 1.818177e-02 1.499443e-02 1.455707e-02 1.328677e-02 1.258552e-02 1.207912e-02 1.043048e-02 6.955970e-03 6.756974e-03 9.205324e-03 9.034280e-03 8.520022e-03 9.235603e-03 1.043399e-02 1.117209e-02 1.188683e-02 1.150615e-02 1.221578e-02 1.023797e-02 6.243989e-03 7.573879e-03 6.171947e-03 5.321163e-03 5.681929e-03 5.000894e-03 7.147817e-03 7.246752e-03 4.858431e-03 5.791445e-03 5.786541e-03 5.823921e-03 7.207605e-03 7.101320e-03 6.047198e-03 6.504300e-03 4.888913e-03
9.077955e-03 6.697386e-03 7.760000e-03 1.152970e-02 1.105002e-02 2.069231e-02 3.539683e-02 7.386697e-02 2.059215e-01 1.000000e+00 2.284066e-01 7.233054e-02 4.185644e-02 3.086496e-02 2.658393e-02 1.665532e-02 1.782592e-02 1.273453e-02 1.486024e-02 1.341027e-02 1.011720e-02 5.655554e-03 5.097265e-03 9.190452e-03 1.015879e-02 9.248359e-03 9.748463e-03 1.107556e-02 1.246696e-02 1.292388e-02 1.244592e-02 1.298008e-02 9.004818e-03 4.984558e-03 6.823080e-03 5.058194e-03 4.241588e-03 4.989412e-03 4.224301e-03 6.865403e-03 6.642427e-03 3.998696e-03 5.155642e-03 5.719658e-03 5.384599e-03 7.188199e-03 7.671812e-03 5.432360e-03 6.812047e-03 4.164616e-03
8.755753e-03 6.756081e-03 7.994567e-03 9.701260e-03 1.042558e-02 1.508029e-02 2.247887e-02 3.423755e-02 5.234824e-02 2.284066e-01 1.000000e+00 2.026126e-01 6.113020e-02 3.935035e-02 3.323216e-02 2.161305e-02 1.909016e-02 1.561194e-02 1.388667e-02 1.268968e-02 1.072610e-02 6.679463e-03 6.464029e-03 8.413278e-03 8.274495e-03 7.996666e-03 8.482313e-03 9.085573e-03 1.021535e-02 1.104360e-02 1.079999e-02 1.145639e-02 9.113117e-03 5.719302e-03 6.562450e-03 5.684561e-03 4.867335e-03 5.095960e-03 4.502715e-03 6.335092e-03 6.363296e-03 4.435354e-03 5.472375e-03 5.971657e-03 5.743637e-03 7.052866e-03 6.629270e-03 5.918821e-03 6.451219e-03 4.677767e-03
7.831613e-03 6.227143e-03 7.027581e-03 8.906532e-03 9.174402e-03 1.355318e-02 1.812459e-02 2.416831e-02 3.129974e-02 7.233054e-02 2.026126e-01 1.000000e+00 2.230010e-01 8.704882e-02 6.255605e-02 2.862602e-02 2.384039e-02 1.687691e-02 1.407343e-02 1.246076e-02 1.022678e-02 6.620989e-03 6.338689e-03 8.308581e-03 8.203376e-03 8.171258e-03 8.248972e-03 9.450637e-03 1.000591e-02 1.059244e-02 1.074488e-02 1.084259e-02 8.743356e-03 5.331638e-03 6.802138e-03 5.604431e-03 4.719467e-03 5.153519e-03 4.686762e-03 6.225193e-03 6.442102e-03 4.576705e-03 5.688944e-03 6.286959e-03 5.905207e-03 6.795933e-03 6.899236e-03 5.856835e-03 6.668635e-03 4.618577e-03
6.538493e-03 4.802263e-03 4.977969e-03 7.193327e-03 6.452602e-03 1.091745e-02 1.513583e-02 2.028817e-02 2.262762e-02 4.185644e-02 6.113020e-02 2.230010e-01 1.000000e+00 2.435045e-01 1.084538e-01 3.367140e-02 2.983952e-02 1.641332e-02 1.662456e-02 1.443356e-02 9.529132e-03 5.304763e-03 4.602729e-03 8.342314e-03 9.297356e-03 8.661728e-03 8.805817e-03 1.028636e-02 1.113975e-02 1.112935e-02 1.132482e-02 1.071231e-02 7.207173e-03 4.173550e-03 6.164251e-03 4.511199e-03 3.788138e-03 4.507462e-03 3.835973e-03 5.835147e-03 5.806776e-03 3.699095e-03 5.210254e-03 5.487968e-03 5.106497e-03 6.740022e-03 7.329133e-03 5.076624e-03 6.495363e-03 3.971562e-03
6.276468e-03 4.744572e-03 5.032893e-03 6.961014e-03 6.126793e-03 1.025411e-02 1.346286e-02 1.752764e-02 1.863422e-02 3.086496e-02 3.935035e-02 8.704882e-02 2.435045e-01 1.000000e+00 2.613351e-01 4.595745e-02 3.688470e-02 1.830744e-02 1.784348e-02 1.509892e-02 1.032841e-02 5.485852e-03 4.909345e-03 8.287892e-03 9.296551e-03 8.445387e-03 8.719282e-03 1.024267e-02 1.093443e-02 1.054309e-02 1.090268e-02 1.055991e-02 7.316897e-03 4.218866e-03 6.404616e-03 4.348870e-03 3.801461e-03 4.395444e-03 4.012737e-03 5.854442e-03 6.040537e-03 3.619907e-03 5.161081e-03 5.778302e-03 5.190486e-03 6.996583e-03 7.349234e-03 5.244387e-03 6.669331e-03 4.033806e-03
7.747373e-03 6.345530e-03 7.133413e-03 8.346382e-03 7.594914e-03 1.136834e-02 1.439846e-02 1.658539e-02 1.818177e-02 2.658393e-02 3.323216e-02 6.255605e-02 1.084538e-01 2.613351e-01 1.000000e+00 1.788424e-01 6.474904e-02 2.781920e-02 2.047226e-02 1.701601e-02 1.307425e-02 7.904719e-03 7.020893e-03 9.240367e-03 8.735734e-03 7.951406e-03 8.362533e-03 9.904539e-03 1.019757e-02 9.762208e-03 1.013386e-02 1.063192e-02 8.737402e-03 5.949729e-03 7.326419e-03 5.531063e-03 4.779006e-03 5.520224e-03 5.023345e-03 6.825328e-03 7.095788e-03 4.883246e-03 6.006717e-03 6.372161e-03 6.082467e-03 7.317396e-03 7.520705e-03 6.178632e-03 7.209790e-03 5.032651e-03
9.076284e-03 8.231299e-03 8.243888e-03 9.012938e-03 9.528247e-03 1.109232e-02 1.274380e-02 1.257553e-02 1.499443e-02 1.665532e-02 2.161305e-02 2.862602e-02 3.367140e-02 4.595745e-02 1.788424e-01 1.000000e+00 2.937729e-01 5.823477e-02 2.420480e-02 1.956133e-02 1.768433e-02 1.349012e-02 1.129764e-02 1.025697e-02 7.877522e-03 7.753968e-03 8.201451e-03 8.592907e-03 8.588748e-03 8.600693e-03 8.754861e-03 9.319523e-03 1.040568e-02 8.154653e-03 7.905764e-03 7.389478e-03 7.224805e-03 7.195489e-03 6.510754e-03 7.479507e-03 7.831151e-03 6.685036e-03 7.041153e-03 7.079896e-03 7.423146e-03 7.512536e-03 6.781299e-03 7.697513e-03 7.089789e-03 6.361736e-03
8.766011e-03 6.921912e-03 6.784624e-03 8.388501e-03 7.605598e-03 1.054347e-02 1.239729e-02 1.394189e-02 1.455707e-02 1.782592e-02 1.909016e-02 2.384039e-02 2.983952e-02 3.688470e-02 6.474904e-02 2.937729e-01 1.000000e+00 1.771667e-01 4.099574e-02 2.900694e-02 2.167806e-02 1.161213e-02 9.043781e-03 1.161332e-02 1.050554e-02 9.645816e-03 1.013163e-02 1.097744e-02 1.101729e-02 1.032462e-02 1.035010e-02 1.125872e-02 9.319874e-03 6.042558e-03 7.585455e-03 5.721084e-03 5.516687e-03 6.230244e-03 5.367943e-03 7.755276e-03 7.893183e-03 5.687573e-03 6.872624e-03 6.929682e-03 6.650460e-03 8.138231e-03 8.307080e-03 6.983492e-03 8.065710e-03 5.743809e-03
1.008517e-02 9.996303e-03 9.407677e-03 9.273538e-03 1.050617e-02 1.072640e-02 1.212269e-02 1.104663e-02 1.328677e-02 1.273453e-02 1.561194e-02 1.687691e-02 1.641332e-02 1.830744e-02 2.781920e-02 5.823477e-02 1.771667e-01 1.000000e+00 1.288725e-01 5.033686e-02 4.033306e-02 2.612114e-02 1.909282e-02 1.429156e-02 1.066872e-02 1.033814e-02 1.032926e-02 1.032925e-02 9.891675e-03 9.589613e-03 9.741377e-03 1.027340e-02 1.258763e-02 1.060639e-02 8.358342e-03 8.797058e-03 9.017668e-03 8.575217e-03 8.003410e-03 8.599071e-03 9.329856e-03 8.681681e-03 8.290587e-03 8.363847e-03 8.846627e-03 8.323175e-03 7.733002e-03 9.646209e-03 7.805291e-03 7.990872e-03
7.987704e-03 5.419989e-03 5.171988e-03 6.242601e-03 5.043462e-03 8.003043e-03 9.861797e-03 1.326455e-02 1.258552e-02 1.486024e-02 1.388667e-02 1.407343e-02 1.662456e-02 1.784348e-02 2.047226e-02 2.420480e-02 4.099574e-02 1.288725e-01 1.000000e+00 2.364960e-01 6.687517e-02 1.614458e-02 9.419292e-03 1.521010e-02 1.561950e-02 1.336584e-02 1.293983e-02 1.345587e-02 1.298623e-02 1.298612e-02 1.167616e-02 1.221005e-02 7.801403e-03 4.115499e-03 5.767623e-03 4.156111e-03 3.796797e-03 4.701029e-03 4.369064e-03 7.604433e-03 7.568781e-03 4.220088e-03 5.870458e-03 6.319664e-03 5.799863e-03 8.627084e-03 9.558910e-03 6.274825e-03 8.308043e-03 5.021023e-03
8.166175e-03 5.415358e-03 5.317803e-03 6.268241e-03 5.601731e-03 7.793997e-03 9.681049e-03 1.224231e-02 1.207912e-02 1.341027e-02 1.268968e-02 1.246076e-02 1.443356e-02 1.509892e-02 1.701601e-02 1.956133e-02 2.900694e-02 5.033686e-02 2.364960e-01 1.000000e+00 2.114535e-01 2.361828e-02 1.193423e-02 1.689444e-02 1.704852e-02 1.474597e-02 1.365702e-02 1.363758e-02 1.323351e-02 1.341397e-02 1.188279e-02 1.179732e-02 8.034873e-03 4.340314e-03 5.770543e-03 4.693590e-03 3.938947e-03 4.833428e-03 4.224390e-03 7.387739e-03 7.213095e-03 4.572791e-03 6.212875e-03 6.608256e-03 6.248633e-03 9.195257e-03 9.656508e-03 6.911652e-03 8.250273e-03 5.065900e-03
1.013018e-02 8.875762e-03 8.958571e-03 8.881827e-03 9.586212e-03 9.539620e-03 1.077933e-02 9.482519e-03 1.043048e-02 1.011720e-02 1.072610e-02 1.022678e-02 9.529132e-03 1.032841e-02 1.307425e-02 1.768433e-02 2.167806e-02 4.033306e-02 6.687517e-02 2.114535e-01 1.000000e+00 1.673475e-01 3.144951e-02 2.007791e-02 1.418340e-02 1.204482e-02 1.185096e-02 1.159674e-02 1.043274e-02 9.648823e-03 9.146977e-03 1.025031e-02 1.156119e-02 9.493614e-03 7.825683e-03 7.754065e-03 7.458638e-03 7.616222e-03 7.550475e-03 8.787957e-03 9.416982e-03 8.310102e-03 8.168046e-03 8.348603e-03 9.304478e-03 9.238051e-03 8.212289e-03 9.550305e-03 8.514948e-03 8.118811e-03
1.084140e-02 1.381711e-02 1.242632e-02 1.063170e-02 1.368185e-02 1.011670e-02 9.171650e-03 5.892894e-03 6.955970e-03 5.655554e-03 6.679463e-03 6.620989e-03 5.304763e-03 5.485852e-03 7.904719e-03 1.349012e-02 1.161213e-02 2.612114e-02 1.614458e-02 2.361828e-02 1.673475e-01 1.000000e+00 1.554971e-01 2.140296e-02 9.748862e-03 9.486004e-03 9.100572e-03 8.027446e-03 6.786123e-03 5.899569e-03 6.362650e-03 7.082194e-03 1.463820e-02 1.921777e-02 1.086201e-02 1.371295e-02 1.466915e-02 1.335206e-02 1.345474e-02 9.626085e-03 1.062286e-02 1.443785e-02 1.084455e-02 9.470974e-03 1.132684e-02 7.559131e-03 5.743622e-03 1.063556e-02 7.011649e-03 1.080571e-02
1.071349e-02 1.525619e-02 1.370255e-02 1.142884e-02 1.453132e-02 1.002741e-02 9.187288e-03 5.743954e-03 6.756974e-03 5.097265e-03 6.464029e-03 6.338689e-03 4.602729e-03 4.909345e-03 7.020893e-03 1.129764e-02 9.043781e-03 1.909282e-02 9.419292e-03 1.193423e-02 3.144951e-02 1.554971e-01 1.000000e+00 1.323469e-01 1.823642e-02 1.729917e-02 1.565078e-02 1.281155e-02 9.335273e-03 7.446078e-03 7.611159e-03 8.572685e-03 1.970502e-02 2.623584e-02 1.260902e-02 1.638557e-02 1.781421e-02 1.543346e-02 1.573508e-02 1.042879e-02 1.159676e-02 1.653258e-02 1.150685e-02 9.881811e-03 1.205480e-02 7.704622e-03 6.034791e-03 1.240933e-02 7.602568e-03 1.256610e-02
8.689086e-03 7.434477e-03 7.564053e-03 8.831389e-03 8.759830e-03 9.907639e-03 1.011162e-02 9.443355e-03 9.205324e-03 9.190452e-03 8.413278e-03 8.308581e-03 8.342314e-03 8.287892e-03 9.240367e-03 1.025697e-02 1.161332e-02 1.429156e-02 1.521010e-02 1.689444e-02 2.007791e-02 2.140296e-02 1.323469e-01 1.000000e+00 2.465605e-01 9.532852e-02 6.721886e-02 5.113591e-02 2.777535e-02 1.871796e-02 1.639277e-02 1.629172e-02 1.592994e-02 9.575805e-03 8.930705e-03 7.085115e-03 6.182031e-03 6.690122e-03 6.396076e-03 8.522483e-03 9.112814e-03 7.898107e-03 8.954559e-03 9.433856e-03 1.024402e-02 1.124185e-02 1.043595e-02 1.054278e-02 1.095701e-02 9.149649e-03
6.266562e-03 4.696253e-03 4.821277e-03 6.026743e-03 5.174077e-03 7.767395e-03 9.245614e-03 1.030126e-02 9.034280e-03 1.015879e-02 8.274495e-03 8.203376e-03 9.297356e-03 9.296551e-03 8.735734e-03 7.877522e-03 1.050554e-02 1.066872e-02 1.561950e-02 1.704852e-02 1.418340e-02 9.748862e-03 1.823642e-02 2.465605e-01 1.000000e+00 2.810211e-01 1.153024e-01 7.001647e-02 3.385928e-02 2.317140e-02 1.887856e-02 1.676007e-02 1.001738e-02 4.461312e-03 6.195772e-03 3.951829e-03 3.424658e-03 3.890220e-03 3.522815e-03 6.259070e-03 6.353795e-03 4.069311e-03 6.280084e-03 7.333234e-03 6.707940e-03 9.920554e-03 1.040420e-02 7.315980e-03 1.004273e-02 5.884482e-03
5.936264e-03 4.676542e-03 5.291970e-03 6.214188e-03 5.568743e-03 7.371834e-03 8.711895e-03 9.774800e-03 8.520022e-03 9.248359e-03 7.996666e-03 8.171258e-03 8.661728e-03 8.445387e-03 7.951406e-03 7.753968e-03 9.645816e-03 1.033814e-02 1.336584e-02 1.474597e-02 1.204482e-02 9.486004e-03 1.729917e-02 9.532852e-02 2.810211e-01 1.000000e+00 2.288434e-01 9.129511e-02 3.564946e-02 2.355527e-02 1.892259e-02 1.654379e-02 1.096406e-02 5.056912e-03 6.242343e-03 4.475128e-03 3.646181e-03 4.170575e-03 3.824592e-03 6.072724e-03 6.374306e-03 4.244889e-03 6.167686e-03 7.317475e-03 6.846215e-03 9.216007e-03 9.880501e-03 7.541319e-03 1.015882e-02 6.321376e-03
6.330841e-03 5.266136e-03 5.560896e-03 6.973000e-03 6.068050e-03 8.230747e-03 9.391756e-03 1.011602e-02 9.235603e-03 9.748463e-03 8.482313e-03 8.248972e-03 8.805817e-03 8.719282e-03 8.362533e-03 8.201451e-03 1.013163e-02 1.032926e-02 1.293983e-02 1.365702e-02 1.185096e-02 9.100572e-03 1.565078e-02 6.721886e-02 1.153024e-01 2.288434e-01 1.000000e+00 2.268716e-01 4.863064e-02 2.885432e-02 2.269740e-02 1.900867e-02 1.296520e-02 5.960928e-03 7.109011e-03 4.887713e-03 3.889287e-03 4.373958e-03 3.990177e-03 6.088584e-03 6.575229e-03 4.464280e-03 6.439528e-03 7.584450e-03 7.246744e-03 9.577178e-03 1.030727e-02 8.247980e-03 1.050054e-02 6.639836e-03
6.796376e-03 5.314365e-03 5.754352e-03 7.705364e-03 6.483241e-03 9.736946e-03 1.114336e-02 1.171033e-02 1.043399e-02 1.107556e-02 9.085573e-03 9.450637e-03 1.028636e-02 1.024267e-02 9.904539e-03 8.592907e-03 1.097744e-02 1.032925e-02 1.345587e-02 1.363758e-02 1.159674e-02 8.027446e-03 1.281155e-02 5.113591e-02 7.001647e-02 9.129511e-02 2.268716e-01 1.000000e+00 2.103590e-01 5.284748e-02 3.749317e-02 3.028523e-02 1.789147e-02 6.810327e-03 8.933192e-03 5.358040e-03 4.312178e-03 4.748150e-03 4.427543e-03 7.161229e-03 7.315056e-03 4.788371e-03 6.886516e-03 7.939385e-03 7.538982e-03 1.054814e-02 1.149288e-02 8.502360e-03 1.180311e-02 7.124578e-03
6.772580e-03 4.868761e-03 5.622089e-03 7.263837e-03 6.036701e-03 9.638098e-03 1.107771e-02 1.270822e-02 1.117209e-02 1.246696e-02 1.021535e-02 1.000591e-02 1.113975e-02 1.093443e-02 1.019757e-02 8.588748e-03 1.101729e-02 9.891675e-03 1.298623e-02 1.323351e-02 1.043274e-02 6.786123e-03 9.335273e-03 2.777535e-02 3.385928e-02 3.564946e-02 4.863064e-02 2.103590e-01 1.000000e+00 2.287346e-01 9.302141e-02 6.239919e-02 2.547626e-02 7.656061e-03 9.574556e-03 5.522417e-03 4.330068e-03 4.719240e-03 4.143375e-03 6.759876e-03 7.350378e-03 4.507306e-03 6.454471e-03 7.311858e-03 6.878398e-03 1.007971e-02 1.104913e-02 8.021615e-03 1.119279e-02 6.673635e-03
6.464257e-03 4.832605e-03 5.279428e-03 6.791353e-03 5.684091e-03 8.647924e-03 1.076357e-02 1.280092e-02 1.188683e-02 1.292388e-02 1.104360e-02 1.059244e-02 1.112935e-02 1.054309e-02 9.762208e-03 8.600693e-03 1.032462e-02 9.589613e-03 1.298612e-02 1.341397e-02 9.648823e-03 5.899569e-03 7.446078e-03 1.871796e-02 2.317140e-02 2.355527e-02 2.885432e-02 5.284748e-02 2.287346e-01 1.000000e+00 2.305259e-01 1.036532e-01 3.092744e-02 8.312488e-03 9.487751e-03 5.919703e-03 4.287458e-03 4.759783e-03 3.840791e-03 6.808078e-03 6.757803e-03 3.926099e-03 5.751401e-03 6.594624e-03 6.035312e-03 9.305219e-03 1.017694e-02 7.244548e-03 9.944438e-03 6.125490e-03
6.769162e-03 5.182482e-03 5.716833e-03 7.089177e-03 6.179025e-03 9.284722e-03 1.095442e-02 1.243732e-02 1.150615e-02 1.244592e-02 1.079999e-02 1.074488e-02 1.132482e-02 1.090268e-02 1.013386e-02 8.754861e-03 1.035010e-02 9.741377e-03 1.167616e-02 1.188279e-02 9.146977e-03 6.362650e-03 7.611159e-03 1.639277e-02 1.887856e-02 1.892259e-02 2.269740e-02 3.749317e-02 9.302141e-02 2.305259e-01 1.000000e+00 2.494054e-01 4.455854e-02 1.089115e-02 1.109970e-02 7.052493e-03 5.153260e-03 5.403387e-03 4.630259e-03 6.969232e-03 7.303556e-03 4.414735e-03 6.335807e-03 6.880456e-03 6.639558e-03 9.193207e-03 9.811224e-03 7.744178e-03 1.017334e-02 6.505815e-03
7.683116e-03 5.710821e-03 6.277968e-03 7.919191e-03 7.021916e-03 1.059968e-02 1.161520e-02 1.325610e-02 1.221578e-02 1.298008e-02 1.145639e-02 1.084259e-02 1.071231e-02 1.055991e-02 1.063192e-02 9.319523e-03 1.125872e-02 1.027340e-02 1.221005e-02 1.179732e-02 1.025031e-02 7.082194e-03 8.572685e-03 1.629172e-02 1.676007e-02 1.654379e-02 1.900867e-02 3.028523e-02 6.239919e-02 1.036532e-01 2.494054e-01 1.000000e+00 1.322050e-01 1.755361e-02 1.442703e-02 8.922623e-03 6.510986e-03 6.804573e-03 5.589891e-03 8.748985e-03 8.587620e-03 5.358141e-03 6.644654e-03 7.267017e-03 7.012589e-03 9.939228e-03 1.023120e-02 8.486176e-03 1.030240e-02 7.127584e-03
1.029782e-02 1.048243e-02 1.094815e-02 1.180039e-02 1.240563e-02 1.204429e-02 1.153399e-02 9.650413e-03 1.023797e-02 9.004818e-03 9.113117e-03 8.743356e-03 7.207173e-03 7.316897e-03 8.737402e-03 1.040568e-02 9.319874e-03 1.258763e-02 7.801403e-03 8.034873e-03 1.156119e-02 1.463820e-02 1.970502e-02 1.592994e-02 1.001738e-02 1.096406e-02 1.296520e-02 1.789147e-02 2.547626e-02 3.092744e-02 4.455854e-02 1.322050e-01 1.000000e+00 1.391084e-01 2.851268e-02 2.209690e-02 1.658088e-02 1.464555e-02 1.314244e-02 1.213168e-02 1.240796e-02 1.236182e-02 1.085392e-02 9.982455e-03 1.124820e-02 9.753179e-03 7.999951e-03 1.118180e-02 9.684479e-03 1.125522e-02
1.019925e-02 1.703054e-02 2.209752e-02 1.231878e-02 1.508139e-02 9.943235e-03 8.515525e-03 5.468367e-03 6.243989e-03 4.984558e-03 5.719302e-03 5.331638e-03 4.173550e-03 4.218866e-03 5.949729e-03 8.154653e-03 6.042558e-03 1.060639e-02 4.115499e-03 4.340314e-03 9.493614e-03 1.921777e-02 2.623584e-02 9.575805e-03 4.461312e-03 5.056912e-03 5.960928e-03 6.810327e-03 7.656061e-03 8.312488e-03 1.089115e-02 1.755361e-02 1.391084e-01 1.000000e+00 1.411568e-01 6.798976e-02 3.708755e-02 2.698628e-02 2.469955e-02 1.322855e-02 1.379425e-02 1.933584e-02 1.174062e-02 9.597230e-03 1.107679e-02 6.923039e-03 5.047232e-03 1.057696e-02 6.573007e-03 1.185803e-02
1.075793e-02 1.154485e-02 1.312135e-02 1.379496e-02 1.247035e-02 1.104445e-02 9.576823e-03 7.491057e-03 7.573879e-03 6.823080e-03 6.562450e-03 6.802138e-03 6.164251e-03 6.404616e-03 7.326419e-03 7.905764e-03 7.585455e-03 8.358342e-03 5.767623e-03 5.770543e-03 7.825683e-03 1.086201e-02 1.260902e-02 8.930705e-03 6.195772e-03 6.242343e-03 7.109011e-03 8.933192e-03 9.574556e-03 9.487751e-03 1.109970e-02 1.442703e-02 2.851268e-02 1.411568e-01 1.000000e+00 1.875330e-01 3.742450e-02 2.816151e-02 1.913538e-02 1.581771e-02 1.549174e-02 1.482668e-02 1.278290e-02 1.098707e-02 1.123240e-02 8.851468e-03 7.267074e-03 9.541424e-03 8.976372e-03 1.005067e-02
9.121241e-03 1.217607e-02 1.321635e-02 1.030808e-02 1.242617e-02 8.526545e-03 7.381895e-03 5.404478e-03 6.171947e-03 5.058194e-03 5.684561e-03 5.604431e-03 4.511199e-03 4.348870e-03 5.531063e-03 7.389478e-03 5.721084e-03 8.797058e-03 4.156111e-03 4.693590e-03 7.754065e-03 1.371295e-02 1.638557e-02 7.085115e-03 3.951829e-03 4.475128e-03 4.887713e-03 5.358040e-03 5.522417e-03 5.919703e-03 7.052493e-03 8.922623e-03 2.209690e-02 6.798976e-02 1.875330e-01 1.000000e+00 1.596592e-01 4.054664e-02 2.661408e-02 1.510234e-02 1.509517e-02 1.819256e-02 1.208396e-02 9.966329e-03 1.068626e-02 6.912329e-03 5.290171e-03 9.664885e-03 6.684526e-03 1.010362e-02
8.863130e-03 1.202988e-02 1.145079e-02 9.813116e-03 1.182386e-02 7.812753e-03 6.892006e-03 4.628716e-03 5.321163e-03 4.241588e-03 4.867335e-03 4.719467e-03 3.788138e-03 3.801461e-03 4.779006e-03 7.224805e-03 5.516687e-03 9.017668e-03 3.796797e-03 3.938947e-03 7.458638e-03 1.466915e-02 1.781421e-02 6.182031e-03 3.424658e-03 3.646181e-03 3.889287e-03 4.312178e-03 4.330068e-03 4.287458e-03 5.153260e-03 6.510986e-03 1.658088e-02 3.708755e-02 3.742450e-02 1.596592e-01 1.000000e+00 1.580803e-01 4.300916e-02 1.964350e-02 1.895027e-02 2.380184e-02 1.414453e-02 1.073115e-02 1.200409e-02 7.079767e-03 5.249545e-03 9.764621e-03 6.456740e-03 9.939837e-03
9.721335e-03 1.176635e-02 1.165855e-02 1.165015e-02 1.236384e-02 8.795771e-03 7.422207e-03 5.337703e-03 5.681929e-03 4.989412e-03 5.095960e-03 5.153519e-03 4.507462e-03 4.395444e-03 5.520224e-03 7.195489e-03 6.230244e-03 8.575217e-03 4.701029e-03 4.833428e-03 7.616222e-03 1.335206e-02 1.543346e-02 6.690122e-03 3.890220e-03 4.170575e-03 4.373958e-03 4.748150e-03 4.719240e-03 4.759783e-03 5.403387e-03 6.804573e-03 1.464555e-02 2.698628e-02 2.816151e-02 4.054664e-02 1.580803e-01 1.000000e+00 1.626191e-01 3.790377e-02 2.982162e-02 3.100056e-02 1.832531e-02 1.359787e-02 1.423989e-02 9.062079e-03 6.876616e-03 1.084922e-02 8.238895e-03 1.128860e-02
7.913240e-03 1.047627e-02 1.053839e-02 9.550202e-03 1.069066e-02 7.744119e-03 6.530686e-03 4.374091e-03 5.000894e-03 4.224301e-03 4.502715e-03 4.686762e-03 3.835973e-03 4.012737e-03 5.023345e-03 6.510754e-03 5.367943e-03 8.003410e-03 4.369064e-03 4.224390e-03 7.550475e-03 1.345474e-02 1.573508e-02 6.396076e-03 3.522815e-03 3.824592e-03 3.990177e-03 4.427543e-03 4.143375e-03 3.840791e-03 4.630259e-03 5.589891e-03 1.314244e-02 2.469955e-02 1.913538e-02 2.661408e-02 4.300916e-02 1.626191e-01 1.000000e+00 1.902419e-01 5.870399e-02 4.460986e-02 2.016344e-02 1.381400e-02 1.454434e-02 8.723379e-03 6.606817e-03 1.086840e-02 7.584630e-03 1.093496e-02
8.260537e-03 7.870390e-03 7.412000e-03 8.898655e-03 8.651633e-03 8.652067e-03 8.032082e-03 7.133403e-03 7.147817e-03 6.865403e-03 6.335092e-03 6.225193e-03 5.835147e-03 5.854442e-03 6.825328e-03 7.479507e-03 7.755276e-03 8.599071e-03 7.604433e-03 7.387739e-03 8.787957e-03 9.626085e-03 1.042879e-02 8.522483e-03 6.259070e-03 6.072724e-03 6.088584e-03 7.161229e-03 6.759876e-03 6.808078e-03 6.969232e-03 8.748985e-03 1.213168e-02 1.322855e-02 1.581771e-02 1.510234e-02 1.964350e-02 3.790377e-02 1.902419e-01 1.000000e+00 2.201424e-01 4.850843e-02 2.390086e-02 1.695473e-02 1.613471e-02 1.335359e-02 1.148303e-02 1.170905e-02 1.024794e-02 9.985891e-03
8.487498e-03 8.168962e-03 8.081618e-03 8.977852e-03 9.252045e-03 9.001434e-03 8.411989e-03 6.838860e-03 7.246752e-03 6.642427e-03 6.363296e-03 6.442102e-03 5.806776e-03 6.040537e-03 7.095788e-03 7.831151e-03 7.893183e-03 9.329856e-03 7.568781e-03 7.213095e-03 9.416982e-03 1.062286e-02 1.159676e-02 9.112814e-03 6.353795e-03 6.374306e-03 6.575229e-03 7.315056e-03 7.350378e-03 6.757803e-03 7.303556e-03 8.587620e-03 1.240796e-02 1.379425e-02 1.549174e-02 1.509517e-02 1.895027e-02 2.982162e-02 5.870399e-02 2.201424e-01 1.000000e+00 1.770933e-01 3.640370e-02 2.286537e-02 2.112990e-02 1.592579e-02 1.244232e-02 1.430809e-02 1.126990e-02 1.199850e-02
7.351789e-03 9.332466e-03 9.050378e-03 8.962166e-03 1.085322e-02 7.794756e-03 6.536740e-03 4.198724e-03 4.858431e-03 3.998696e-03 4.435354e-03 4.576705e-03 3.699095e-03 3.619907e-03 4.883246e-03 6.685036e-03 5.687573e-03 8.681681e-03 4.220088e-03 4.572791e-03 8.310102e-03 1.443785e-02 1.653258e-02 7.898107e-03 4.069311e-03 4.244889e-03 4.464280e-03 4.788371e-03 4.507306e-03 3.926099e-03 4.414735e-03 5.358141e-03 1.236182e-02 1.933584e-02 1.482668e-02 1.819256e-02 2.380184e-02 3.100056e-02 4.460986e-02 4.850843e-02 1.770933e-01 1.000000e+00 1.824475e-01 3.935655e-02 3.367961e-02 1.544540e-02 1.022545e-02 1.734171e-02 1.043662e-02 1.556899e-02
7.194416e-03 7.356728e-03 7.705243e-03 9.090753e-03 9.290558e-03 8.104993e-03 7.132447e-03 5.461969e-03 5.791445e-03 5.155642e-03 5.472375e-03 5.688944e-03 5.210254e-03 5.161081e-03 6.006717e-03 7.041153e-03 6.872624e-03 8.290587e-03 5.870458e-03 6.212875e-03 8.168046e-03 1.084455e-02 1.150685e-02 8.954559e-03 6.280084e-03 6.167686e-03 6.439528e-03 6.886516e-03 6.454471e-03 5.751401e-03 6.335807e-03 6.644654e-03 1.085392e-02 1.174062e-02 1.278290e-02 1.208396e-02 1.414453e-02 1.832531e-02 2.016344e-02 2.390086e-02 3.640370e-02 1.824475e-01 1.000000e+00 2.658664e-01 8.026502e-02 3.013761e-02 2.039725e-02 2.269486e-02 1.655744e-02 1.665055e-02
6.832054e-03 6.401298e-03 6.882000e-03 8.648609e-03 8.535010e-03 7.395935e-03 6.959664e-03 5.529527e-03 5.786541e-03 5.719658e-03 5.971657e-03 6.286959e-03 5.487968e-03 5.778302e-03 6.372161e-03 7.079896e-03 6.929682e-03 8.363847e-03 6.319664e-03 6.608256e-03 8.348603e-03 9.470974e-03 9.881811e-03 9.433856e-03 7.333234e-03 7.317475e-03 7.584450e-03 7.939385e-03 7.311858e-03 6.594624e-03 6.880456e-03 7.267017e-03 9.982455e-03 9.597230e-03 1.098707e-02 9.966329e-03 1.073115e-02 1.359787e-02 1.381400e-02 1.695473e-02 2.286537e-02 3.935655e-02 2.658664e-01 1.000000e+00 1.958081e-01 4.155109e-02 2.669093e-02 2.642925e-02 1.876594e-02 1.746587e-02
6.574733e-03 6.967261e-03 7.297545e-03 8.648059e-03 9.499877e-03 7.960570e-03 6.991123e-03 5.246513e-03 5.823921e-03 5.384599e-03 5.743637e-03 5.905207e-03 5.106497e-03 5.190486e-03 6.082467e-03 7.423146e-03 6.650460e-03 8.846627e-03 5.799863e-03 6.248633e-03 9.304478e-03 1.132684e-02 1.205480e-02 1.024402e-02 6.707940e-03 6.846215e-03 7.246744e-03 7.538982e-03 6.878398e-03 6.035312e-03 6.639558e-03 7.012589e-03 1.124820e-02 1.107679e-02 1.123240e-02 1.068626e-02 1.200409e-02 1.423989e-02 1.454434e-02 1.613471e-02 2.112990e-02 3.367961e-02 8.026502e-02 1.958081e-01 1.000000e+00 1.375778e-01 5.013073e-02 4.971388e-02 2.410478e-02 2.466119e-02
6.131030e-03 5.034027e-03 5.483021e-03 7.153323e-03 6.525318e-03 7.770728e-03 7.664231e-03 7.177761e-03 7.207605e-03 7.188199e-03 7.052866e-03 6.795933e-03 6.740022e-03 6.996583e-03 7.317396e-03 7.512536e-03 8.138231e-03 8.323175e-03 8.627084e-03 9.195257e-03 9.238051e-03 7.559131e-03 7.704622e-03 1.124185e-02 9.920554e-03 9.216007e-03 9.577178e-03 1.054814e-02 1.007971e-02 9.305219e-03 9.193207e-03 9.939228e-03 9.753179e-03 6.923039e-03 8.851468e-03 6.912329e-03 7.079767e-03 9.062079e-03 8.723379e-03 1.335359e-02 1.592579e-02 1.544540e-02 3.013761e-02 4.155109e-02 1.375778e-01 1.000000e+00 2.909285e-01 9.507417e-02 3.790708e-02 2.262382e-02
5.340701e-03 4.233741e-03 4.255481e-03 6.003374e-03 5.089403e-03 6.762695e-03 7.311042e-03 7.215919e-03 7.101320e-03 7.671812e-03 6.629270e-03 6.899236e-03 7.329133e-03 7.349234e-03 7.520705e-03 6.781299e-03 8.307080e-03 7.733002e-03 9.558910e-03 9.656508e-03 8.212289e-03 5.743622e-03 6.034791e-03 1.043595e-02 1.040420e-02 9.880501e-03 1.030727e-02 1.149288e-02 1.104913e-02 1.017694e-02 9.811224e-03 1.023120e-02 7.999951e-03 5.047232e-03 7.267074e-03 5.290171e-03 5.249545e-03 6.876616e-03 6.606817e-03 1.148303e-02 1.244232e-02 1.022545e-02 2.039725e-02 2.669093e-02 5.013073e-02 2.909285e-01 1.000000e+00 1.376777e-01 4.560401e-02 1.967793e-02
6.084860e-03 6.152862e-03 6.365243e-03 7.371549e-03 8.151897e-03 7.340896e-03 7.140607e-03 5.617583e-03 6.047198e-03 5.432360e-03 5.918821e-03 5.856835e-03 5.076624e-03 5.244387e-03 6.178632e-03 7.697513e-03 6.983492e-03 9.646209e-03 6.274825e-03 6.911652e-03 9.550305e-03 1.063556e-02 1.240933e-02 1.054278e-02 7.315980e-03 7.541319e-03 8.247980e-03 8.502360e-03 8.021615e-03 7.244548e-03 7.744178e-03 8.486176e-03 1.118180e-02 1.057696e-02 9.541424e-03 9.664885e-03 9.764621e-03 1.084922e-02 1.086840e-02 1.170905e-02 1.430809e-02 1.734171e-02 2.269486e-02 2.642925e-02 4.971388e-02 9.507417e-02 1.376777e-01 1.000000e+00 1.569446e-01 6.699249e-02
5.759035e-03 4.770606e-03 5.083298e-03 7.407908e-03 6.285362e-03 7.667488e-03 7.389381e-03 6.608317e-03 6.504300e-03 6.812047e-03 6.451219e-03 6.668635e-03 6.495363e-03 6.669331e-03 7.209790e-03 7.089789e-03 8.065710e-03 7.805291e-03 8.308043e-03 8.250273e-03 8.514948e-03 7.011649e-03 7.602568e-03 1.095701e-02 1.004273e-02 1.015882e-02 1.050054e-02 1.180311e-02 1.119279e-02 9.944438e-03 1.017334e-02 1.030240e-02 9.684479e-03 6.573007e-03 8.976372e-03 6.684526e-03 6.456740e-03 8.238895e-03 7.584630e-03 1.024794e-02 1.126990e-02 1.043662e-02 1.655744e-02 1.876594e-02 2.410478e-02 3.790708e-02 4.560401e-02 1.569446e-01 1.000000e+00 2.339373e-01
5.586754e-03 6.120507e-03 6.623992e-03 7.666790e-03 8.750757e-03 6.835871e-03 6.098872e-03 4.219715e-03 4.888913e-03 4.164616e-03 4.677767e-03 4.618577e-03 3.971562e-03 4.033806e-03 5.032651e-03 6.361736e-03 5.743809e-03 7.990872e-03 5.021023e-03 5.065900e-03 8.118811e-03 1.080571e-02 1.256610e-02 9.149649e-03 5.884482e-03 6.321376e-03 6.639836e-03 7.124578e-03 6.673635e-03 6.125490e-03 6.505815e-03 7.127584e-03 1.125522e-02 1.185803e-02 1.005067e-02 1.010362e-02 9.939837e-03 1.128860e-02 1.093496e-02 9.985891e-03 1.199850e-02 1.556899e-02 1.665055e-02 1.746587e-02 2.466119e-02 2.262382e-02 1.967793e-02 6.699249e-02 2.339373e-01 1.000000e+00
