1.000000e+00 2.314131e-01 1.084341e-01 4.208107e-02 3.069710e-02 1.658205e-02 1.345576e-02 1.254074e-02 9.361095e-03 9.986694e-03 9.835359e-03 9.816017e-03 1.036787e-02 9.091679e-03 8.292653e-03 7.436613e-03 6.887823e-03 7.230185e-03 6.659868e-03 5.758287e-03 6.023312e-03 6.289169e-03 5.392173e-03 5.315216e-03 4.233882e-03 4.539487e-03 4.991071e-03 4.647819e-03 3.654220e-03 2.959757e-03 4.037403e-03 3.198917e-03 3.071031e-03 3.296685e-03 3.892528e-03 3.804353e-03 3.462938e-03 3.149355e-03 2.323386e-03 2.284139e-03 2.855916e-03 3.377727e-03 3.043474e-03 2.548098e-03 3.110796e-03 2.671454e-03 2.433418e-03 2.207931e-03 1.929435e-03 1.977680e-03 2.254756e-03 2.190870e-03 2.159406e-03 1.922302e-03 2.057430e-03 2.167083e-03 2.445229e-03 2.300315e-03 2.584143e-03 3.023394e-03 3.349390e-03 2.980762e-03 2.894690e-03 2.940094e-03 2.817311e-03 2.625833e-03 2.894398e-03 3.190334e-03 3.448470e-03 3.477458e-03 3.506376e-03 2.965066e-03 2.585172e-03 2.475200e-03 2.490208e-03 2.608194e-03 2.768329e-03 2.394436e-03 2.608983e-03 2.915984e-03 3.554741e-03 2.943901e-03 3.348212e-03 3.898172e-03 3.163085e-03 3.419403e-03 3.363061e-03 3.102386e-03 3.690607e-03 3.195608e-03 2.873710e-03 3.145249e-03 3.662863e-03 3.087074e-03 2.296637e-03 2.210541e-03 2.186819e-03 2.071046e-03 2.255092e-03 2.257273e-03 2.099529e-03 2.048705e-03 1.933012e-03 1.916771e-03 2.041639e-03 2.165555e-03 2.171045e-03 2.102068e-03 2.103384e-03 2.185209e-03 1.775884e-03 2.461879e-03 2.404002e-03 2.534328e-03 1.967361e-03 2.041896e-03 2.305401e-03 2.158350e-03 2.200461e-03 2.152094e-03 2.162385e-03 2.170568e-03 2.275815e-03 2.283299e-03 2.487011e-03 2.157452e-03 2.125982e-03 2.669915e-03 3.469716e-03 3.244270e-03 3.210464e-03 2.758701e-03 2.896354e-03 3.018051e-03 3.247025e-03 3.147653e-03 2.992661e-03 3.209065e-03 3.141375e-03 3.100436e-03 2.841811e-03 2.577224e-03 2.681119e-03 3.006382e-03 2.978703e-03 2.573038e-03 2.451417e-03 2.529339e-03 3.106604e-03 3.093792e-03 3.102337e-03 2.497416e-03 2.299340e-03 2.335902e-03 2.495335e-03 2.479690e-03 2.319351e-03 2.376486e-03 2.414166e-03 2.706908e-03 2.677411e-03 2.422839e-03 2.564743e-03 2.579842e-03 2.290319e-03 2.244318e-03 2.237762e-03 2.115826e-03 2.356739e-03 2.120874e-03 2.440351e-03 1.870886e-03 2.092905e-03 1.977798e-03 1.969300e-03 2.127402e-03 1.710890e-03 2.156098e-03 2.015506e-03 2.030368e-03 2.093674e-03 1.946970e-03 1.993172e-03 1.761793e-03 1.629999e-03 1.588757e-03 1.656475e-03 1.681469e-03 1.826552e-03 1.919475e-03 1.754957e-03 1.875917e-03 1.876720e-03 1.815712e-03 1.562787e-03 1.759244e-03 1.537642e-03 1.623700e-03 1.642179e-03 1.656397e-03
2.314131e-01 1.000000e+00 2.822015e-01 5.121187e-02 3.784606e-02 2.282952e-02 1.883554e-02 1.639880e-02 1.284740e-02 1.149481e-02 1.156011e-02 1.139960e-02 1.169392e-02 9.565188e-03 8.974883e-03 8.269405e-03 8.625405e-03 8.622849e-03 7.476730e-03 7.515648e-03 6.654189e-03 6.479932e-03 4.597682e-03 4.705454e-03 3.855649e-03 4.217363e-03 5.069663e-03 4.681379e-03 2.980046e-03 2.857082e-03 3.746720e-03 2.860462e-03 2.504047e-03 2.721753e-03 3.928797e-03 3.718086e-03 3.279427e-03 2.763647e-03 2.057359e-03 1.921893e-03 2.098138e-03 2.915459e-03 2.489143e-03 2.364641e-03 3.392591e-03 2.092018e-03 2.161120e-03 2.064125e-03 1.983587e-03 1.959401e-03 1.932426e-03 2.047851e-03 2.266611e-03 1.576300e-03 1.936827e-03 1.830539e-03 2.081815e-03 2.026486e-03 2.399884e-03 2.979741e-03 3.368492e-03 2.476404e-03 2.555270e-03 3.040127e-03 2.210051e-03 2.474481e-03 2.488870e-03 3.118925e-03 3.867030e-03 3.729138e-03 2.681492e-03 2.922043e-03 2.111427e-03 2.036426e-03 2.068070e-03 2.330088e-03 2.162687e-03 2.127944e-03 2.128296e-03 2.656685e-03 2.859011e-03 2.417212e-03 2.813767e-03 4.487442e-03 4.247826e-03 3.960736e-03 3.904806e-03 3.737968e-03 4.044166e-03 3.857595e-03 3.752012e-03 4.103986e-03 4.039459e-03 3.026438e-03 1.875100e-03 1.815904e-03 1.705892e-03 1.686204e-03 1.919644e-03 1.598060e-03 1.897164e-03 1.760080e-03 1.667275e-03 1.811406e-03 1.633162e-03 2.016638e-03 1.892206e-03 1.938234e-03 2.102440e-03 1.631355e-03 2.097830e-03 2.367728e-03 2.170362e-03 2.183262e-03 1.703041e-03 2.068006e-03 1.793719e-03 1.850366e-03 1.751160e-03 1.615287e-03 1.672606e-03 1.806327e-03 2.068521e-03 1.979683e-03 2.035462e-03 1.878262e-03 1.872443e-03 2.733998e-03 2.920895e-03 2.834798e-03 3.525681e-03 3.452138e-03 3.152699e-03 3.778959e-03 3.655415e-03 3.507652e-03 3.432603e-03 3.569466e-03 3.128683e-03 3.087194e-03 3.170258e-03 3.228656e-03 3.457112e-03 3.057012e-03 3.503858e-03 3.204804e-03 3.040619e-03 3.179859e-03 3.265428e-03 3.430000e-03 3.499436e-03 3.014768e-03 2.765072e-03 2.931743e-03 2.643086e-03 2.748344e-03 2.657383e-03 2.636919e-03 2.636769e-03 2.217642e-03 2.269106e-03 2.691349e-03 2.905371e-03 2.888472e-03 2.724753e-03 2.868165e-03 2.487327e-03 2.523717e-03 2.782611e-03 2.230862e-03 2.563114e-03 1.979504e-03 2.039092e-03 2.193052e-03 2.265887e-03 2.585689e-03 2.332872e-03 2.308853e-03 2.085836e-03 2.100660e-03 2.099853e-03 1.975520e-03 2.154413e-03 1.608746e-03 1.454454e-03 1.514594e-03 1.284626e-03 1.466805e-03 2.312701e-03 2.018105e-03 1.982094e-03 1.883984e-03 1.755762e-03 1.641027e-03 1.600496e-03 1.808842e-03 1.797607e-03 1.887611e-03 2.006680e-03 2.099121e-03
1.084341e-01 2.822015e-01 1.000000e+00 3.307729e-01 1.278950e-01 3.751346e-02 2.973078e-02 2.514314e-02 1.894785e-02 1.866159e-02 1.598014e-02 1.553702e-02 1.482124e-02 1.199973e-02 1.085210e-02 9.358051e-03 8.618667e-03 9.449928e-03 7.746730e-03 7.459524e-03 7.028843e-03 6.927692e-03 5.197276e-03 4.859776e-03 4.452363e-03 4.752692e-03 5.360102e-03 5.121020e-03 3.697903e-03 3.359397e-03 4.141410e-03 3.426330e-03 3.477908e-03 3.574478e-03 3.635074e-03 3.722671e-03 3.619779e-03 3.103245e-03 2.456004e-03 2.507836e-03 2.872867e-03 3.329604e-03 2.439814e-03 2.510239e-03 3.096702e-03 2.257220e-03 2.278711e-03 2.036955e-03 2.077937e-03 2.181391e-03 1.914923e-03 1.849574e-03 2.227946e-03 2.023407e-03 1.820167e-03 1.678034e-03 1.949355e-03 1.999212e-03 2.595533e-03 2.734900e-03 3.242720e-03 2.744251e-03 2.649612e-03 2.728162e-03 2.416018e-03 2.425876e-03 2.982997e-03 2.949626e-03 3.575236e-03 3.559908e-03 3.310615e-03 3.175968e-03 2.727527e-03 2.684606e-03 2.242771e-03 2.615760e-03 2.850216e-03 2.400919e-03 2.732864e-03 2.652559e-03 2.835603e-03 2.809171e-03 2.801261e-03 3.862254e-03 3.516430e-03 3.464185e-03 3.558701e-03 3.343831e-03 3.890701e-03 3.313914e-03 3.244204e-03 3.532732e-03 3.664430e-03 3.123348e-03 1.987035e-03 1.963231e-03 1.838127e-03 2.074417e-03 1.937438e-03 1.699068e-03 1.730860e-03 1.539770e-03 1.912453e-03 1.834964e-03 1.882319e-03 1.794986e-03 1.827487e-03 1.849217e-03 2.034676e-03 1.866921e-03 2.077098e-03 2.375046e-03 2.093030e-03 1.980992e-03 1.930236e-03 2.131073e-03 1.880889e-03 2.206199e-03 1.995675e-03 2.195833e-03 1.995820e-03 1.855771e-03 2.238663e-03 2.429127e-03 2.479087e-03 2.170257e-03 2.065659e-03 3.017790e-03 3.457307e-03 3.456268e-03 3.568857e-03 3.232980e-03 3.249054e-03 3.246741e-03 3.546171e-03 3.520037e-03 3.245845e-03 3.558397e-03 3.348094e-03 3.129556e-03 2.807599e-03 2.763644e-03 2.761531e-03 3.569596e-03 3.349212e-03 2.785160e-03 2.682627e-03 2.674396e-03 3.005396e-03 3.068774e-03 3.356491e-03 2.760079e-03 2.332540e-03 2.574441e-03 2.466972e-03 2.485678e-03 2.569032e-03 2.398807e-03 2.583317e-03 2.938731e-03 3.087263e-03 2.770448e-03 2.605606e-03 2.898759e-03 2.335301e-03 2.332929e-03 2.320434e-03 2.043343e-03 2.566834e-03 2.451054e-03 2.233536e-03 2.120594e-03 2.099481e-03 1.903210e-03 2.200775e-03 2.189965e-03 2.029176e-03 2.137715e-03 1.940827e-03 2.055705e-03 2.038349e-03 1.875612e-03 1.754781e-03 1.643276e-03 1.574695e-03 1.652915e-03 1.649539e-03 1.674222e-03 1.969008e-03 2.012262e-03 1.981297e-03 1.867145e-03 2.002052e-03 1.586176e-03 1.834585e-03 1.818386e-03 1.779544e-03 1.788537e-03 1.967264e-03 1.780855e-03
4.208107e-02 5.121187e-02 3.307729e-01 1.000000e+00 3.154805e-01 5.158636e-02 4.273759e-02 3.484359e-02 2.280151e-02 2.512807e-02 1.921555e-02 2.033785e-02 1.858451e-02 1.521696e-02 1.422493e-02 9.889481e-03 9.064867e-03 9.505750e-03 7.801602e-03 6.941772e-03 6.938988e-03 8.006743e-03 6.516219e-03 6.005450e-03 5.749385e-03 5.429016e-03 5.842471e-03 4.496782e-03 4.370278e-03 4.119672e-03 4.128666e-03 3.722749e-03 3.965308e-03 4.250350e-03 3.712918e-03 3.883350e-03 3.842159e-03 3.511862e-03 2.774587e-03 2.885879e-03 2.985356e-03 2.889875e-03 2.795805e-03 2.744374e-03 2.994542e-03 2.505240e-03 2.286178e-03 2.090955e-03 2.263931e-03 2.297180e-03 2.217463e-03 2.150572e-03 2.036964e-03 2.069046e-03 2.015537e-03 2.159117e-03 2.227337e-03 2.484251e-03 2.428388e-03 3.176833e-03 2.734884e-03 3.225964e-03 2.761123e-03 2.772991e-03 2.949309e-03 2.879664e-03 3.424110e-03 3.390723e-03 2.796210e-03 2.981772e-03 2.902070e-03 2.897444e-03 2.834096e-03 2.888739e-03 2.583243e-03 2.479846e-03 2.323721e-03 2.495709e-03 2.758588e-03 3.239454e-03 3.267044e-03 2.869441e-03 3.172284e-03 3.324196e-03 2.875981e-03 3.219732e-03 3.231732e-03 2.925798e-03 4.058783e-03 2.642106e-03 2.540164e-03 2.804034e-03 3.363530e-03 3.178548e-03 2.458910e-03 2.548132e-03 2.252787e-03 2.157836e-03 2.109987e-03 2.234507e-03 2.042545e-03 1.852658e-03 2.048687e-03 1.995198e-03 1.970435e-03 2.216407e-03 2.283077e-03 2.297481e-03 2.417884e-03 2.365345e-03 2.312364e-03 2.736200e-03 2.482195e-03 2.439499e-03 2.319456e-03 2.293116e-03 2.199024e-03 2.284614e-03 2.012129e-03 2.356634e-03 2.140309e-03 2.302176e-03 2.578694e-03 2.343881e-03 2.712204e-03 2.375045e-03 3.021134e-03 3.022012e-03 3.600182e-03 3.828761e-03 3.118723e-03 2.731758e-03 2.684414e-03 3.101522e-03 3.700844e-03 2.707378e-03 3.554223e-03 4.083185e-03 3.684227e-03 3.344499e-03 2.503497e-03 2.305016e-03 2.967486e-03 3.460368e-03 3.458663e-03 2.422019e-03 1.978564e-03 2.079665e-03 3.222004e-03 3.787804e-03 2.959188e-03 2.301035e-03 1.979402e-03 2.444498e-03 2.728964e-03 2.245373e-03 2.891040e-03 2.774329e-03 2.636232e-03 3.538648e-03 3.271861e-03 2.646985e-03 2.583779e-03 2.875672e-03 2.362072e-03 2.430836e-03 2.145100e-03 2.230926e-03 2.037071e-03 2.286883e-03 2.418205e-03 2.199573e-03 2.515504e-03 2.112923e-03 2.055298e-03 2.167204e-03 1.981648e-03 2.245235e-03 1.839944e-03 2.333495e-03 1.990625e-03 2.143847e-03 2.040907e-03 2.120124e-03 2.068602e-03 2.000658e-03 2.139787e-03 1.647426e-03 1.516734e-03 2.148812e-03 1.784800e-03 2.256961e-03 1.963748e-03 2.065722e-03 1.989758e-03 2.000258e-03 1.738535e-03 1.745449e-03 1.629520e-03 1.773680e-03
3.069710e-02 3.784606e-02 1.278950e-01 3.154805e-01 1.000000e+00 2.173067e-01 1.304300e-01 8.757446e-02 7.102955e-02 4.056617e-02 2.775249e-02 2.873369e-02 2.112199e-02 1.660161e-02 1.385456e-02 1.168835e-02 1.055339e-02 1.088499e-02 9.229676e-03 8.154570e-03 7.455633e-03 6.886094e-03 5.634700e-03 5.305689e-03 4.724811e-03 4.482902e-03 5.811458e-03 5.077120e-03 3.464663e-03 3.515457e-03 3.986571e-03 3.164627e-03 2.770732e-03 2.953135e-03 3.716492e-03 3.855940e-03 3.116570e-03 3.170972e-03 2.147137e-03 2.150278e-03 2.099276e-03 2.759937e-03 2.383707e-03 2.509027e-03 2.926169e-03 2.172682e-03 2.282823e-03 1.792553e-03 2.035075e-03 1.908292e-03 1.597803e-03 1.891892e-03 2.045080e-03 1.837723e-03 1.632477e-03 1.681061e-03 2.186412e-03 1.851730e-03 2.371893e-03 2.923499e-03 3.130599e-03 2.303646e-03 2.697956e-03 2.649221e-03 2.644880e-03 2.289916e-03 2.889712e-03 3.070903e-03 3.220002e-03 3.159256e-03 3.044898e-03 2.550800e-03 2.329125e-03 2.278465e-03 2.052358e-03 2.405184e-03 2.208192e-03 2.158001e-03 2.135640e-03 2.320442e-03 2.496731e-03 2.585972e-03 2.514212e-03 3.784646e-03 3.542284e-03 3.466956e-03 3.654025e-03 3.372544e-03 4.396494e-03 3.840142e-03 3.433836e-03 3.506415e-03 3.612892e-03 2.826179e-03 2.012025e-03 1.812112e-03 1.844816e-03 2.008004e-03 2.106866e-03 1.636599e-03 1.734255e-03 1.676784e-03 1.716482e-03 1.618694e-03 1.798666e-03 1.898513e-03 1.842796e-03 1.939932e-03 2.216694e-03 1.970843e-03 1.943839e-03 2.062845e-03 2.112705e-03 2.103025e-03 1.696271e-03 1.794598e-03 1.860252e-03 1.946384e-03 1.700019e-03 1.965624e-03 1.792401e-03 2.019484e-03 1.966088e-03 1.992773e-03 2.158299e-03 1.876041e-03 2.113496e-03 2.662737e-03 3.352302e-03 3.593908e-03 3.288702e-03 3.448532e-03 3.737827e-03 4.153485e-03 5.396571e-03 4.060342e-03 3.783826e-03 3.701206e-03 4.003117e-03 3.585321e-03 3.455262e-03 3.272653e-03 3.262701e-03 3.330123e-03 3.845588e-03 2.850005e-03 2.583474e-03 2.984421e-03 3.391937e-03 3.651427e-03 3.721485e-03 2.880418e-03 2.782647e-03 2.788677e-03 2.835723e-03 2.724064e-03 2.768277e-03 2.823905e-03 2.747198e-03 2.579086e-03 2.706501e-03 2.506855e-03 2.813046e-03 3.025653e-03 2.564402e-03 2.783139e-03 2.469887e-03 2.621930e-03 2.359818e-03 2.521049e-03 2.534946e-03 2.032371e-03 2.065435e-03 2.113523e-03 2.008903e-03 2.196276e-03 2.109575e-03 2.423730e-03 1.998982e-03 2.370514e-03 1.782725e-03 2.090250e-03 1.890266e-03 1.588771e-03 1.444040e-03 1.673854e-03 1.655423e-03 1.646964e-03 1.970632e-03 2.192859e-03 2.166983e-03 1.862625e-03 1.920491e-03 1.700602e-03 1.968146e-03 1.754639e-03 1.876584e-03 1.942041e-03 2.159183e-03 1.825886e-03
1.658205e-02 2.282952e-02 3.751346e-02 5.158636e-02 2.173067e-01 1.000000e+00 3.369297e-01 1.339959e-01 8.556718e-02 3.095611e-02 2.573405e-02 2.407274e-02 1.656152e-02 1.088103e-02 1.036962e-02 9.804233e-03 1.072552e-02 9.868122e-03 9.413971e-03 9.231511e-03 7.733335e-03 5.136024e-03 3.757105e-03 3.649181e-03 2.942240e-03 2.867651e-03 4.715123e-03 5.265606e-03 2.212461e-03 2.038936e-03 3.470694e-03 2.101586e-03 1.818358e-03 2.369316e-03 3.514506e-03 2.578812e-03 2.679031e-03 1.968289e-03 1.362767e-03 1.208235e-03 1.760692e-03 2.448200e-03 2.015309e-03 1.723576e-03 2.371803e-03 1.563833e-03 1.559965e-03 1.382523e-03 1.517725e-03 1.456788e-03 1.344501e-03 1.321145e-03 1.448584e-03 1.253647e-03 1.303233e-03 1.138580e-03 1.237239e-03 1.286184e-03 1.923824e-03 2.917178e-03 4.490022e-03 2.105953e-03 2.141117e-03 2.268208e-03 1.572801e-03 1.782616e-03 2.088854e-03 2.792598e-03 4.731028e-03 4.013320e-03 2.516261e-03 2.380144e-03 1.421159e-03 1.411688e-03 1.241711e-03 1.799781e-03 1.652999e-03 1.603083e-03 1.549703e-03 1.587148e-03 2.079202e-03 1.654836e-03 2.142200e-03 4.566709e-03 4.800793e-03 4.985247e-03 5.864932e-03 5.885787e-03 5.097639e-03 7.120849e-03 5.887189e-03 5.674111e-03 3.969407e-03 2.341042e-03 1.198439e-03 1.184495e-03 1.290494e-03 1.278556e-03 1.320487e-03 1.327618e-03 1.283273e-03 1.392085e-03 1.421691e-03 1.268097e-03 1.261663e-03 1.689120e-03 1.755201e-03 1.385138e-03 1.667989e-03 1.336441e-03 1.362371e-03 1.242937e-03 1.487177e-03 1.404649e-03 1.165428e-03 1.175279e-03 1.421875e-03 1.437535e-03 1.357153e-03 1.460637e-03 1.300290e-03 1.314361e-03 1.677539e-03 1.439876e-03 1.449706e-03 1.356293e-03 1.397957e-03 2.176416e-03 2.569606e-03 2.404954e-03 3.848478e-03 4.307135e-03 5.797282e-03 5.772126e-03 5.690729e-03 6.357141e-03 4.105719e-03 3.188535e-03 3.163874e-03 3.250973e-03 4.435614e-03 5.056555e-03 4.117497e-03 3.824856e-03 3.928826e-03 4.648597e-03 4.206729e-03 4.120650e-03 3.482325e-03 3.474001e-03 4.244784e-03 4.962877e-03 4.348275e-03 3.447020e-03 3.470036e-03 3.977427e-03 3.276313e-03 2.762770e-03 2.398252e-03 1.390207e-03 1.732158e-03 2.627824e-03 3.217578e-03 2.890130e-03 3.144521e-03 3.198435e-03 3.673437e-03 3.062950e-03 2.962055e-03 2.153365e-03 2.287442e-03 1.995328e-03 1.568681e-03 1.847450e-03 1.899464e-03 2.196552e-03 2.069913e-03 2.013848e-03 2.225960e-03 2.092356e-03 1.575172e-03 1.417604e-03 1.677188e-03 1.041570e-03 1.110477e-03 1.112295e-03 1.225230e-03 1.457388e-03 2.170195e-03 1.943011e-03 1.822001e-03 1.570818e-03 1.285776e-03 1.194454e-03 1.453034e-03 1.478970e-03 1.822022e-03 1.794154e-03 1.696328e-03 2.076706e-03
1.345576e-02 1.883554e-02 2.973078e-02 4.273759e-02 1.304300e-01 3.369297e-01 1.000000e+00 3.623466e-01 1.484369e-01 4.487790e-02 3.221164e-02 3.136202e-02 2.048063e-02 1.374638e-02 1.286146e-02 1.200496e-02 1.164370e-02 1.087405e-02 9.916272e-03 8.893919e-03 7.648880e-03 5.953620e-03 4.083824e-03 4.006238e-03 3.298028e-03 3.520517e-03 4.874678e-03 4.831716e-03 2.488558e-03 2.145610e-03 3.193442e-03 2.270612e-03 1.976838e-03 2.318560e-03 3.393313e-03 2.919424e-03 2.708665e-03 2.216466e-03 1.424329e-03 1.559948e-03 1.746658e-03 2.359097e-03 1.956859e-03 1.709838e-03 2.510178e-03 1.690001e-03 1.599115e-03 1.601248e-03 1.384893e-03 1.459208e-03 1.169626e-03 1.373692e-03 1.394978e-03 1.283136e-03 1.355740e-03 1.136034e-03 1.369495e-03 1.419989e-03 1.947782e-03 2.695794e-03 3.582878e-03 1.909067e-03 2.210865e-03 2.203735e-03 1.670726e-03 1.696628e-03 2.102791e-03 2.746144e-03 4.209472e-03 3.194828e-03 2.363327e-03 1.970303e-03 1.450994e-03 1.306505e-03 1.298199e-03 1.719035e-03 1.444993e-03 1.395005e-03 1.439913e-03 1.720426e-03 2.338281e-03 1.896384e-03 1.907671e-03 4.003530e-03 4.306887e-03 4.261088e-03 4.399383e-03 4.317477e-03 4.677866e-03 5.484033e-03 4.699774e-03 4.833155e-03 3.622976e-03 2.595231e-03 1.388180e-03 1.394947e-03 1.392139e-03 1.261358e-03 1.264529e-03 1.508109e-03 1.640976e-03 1.271758e-03 1.302389e-03 1.324903e-03 1.484957e-03 1.731280e-03 1.687220e-03 1.727253e-03 1.802964e-03 1.434263e-03 1.630494e-03 1.558857e-03 1.555267e-03 1.495413e-03 1.308445e-03 1.464168e-03 1.456289e-03 1.482158e-03 1.280838e-03 1.319132e-03 1.498399e-03 1.474886e-03 1.645040e-03 1.613326e-03 1.424519e-03 1.455981e-03 1.596745e-03 2.106727e-03 2.490299e-03 2.556650e-03 3.464110e-03 4.000291e-03 4.528648e-03 5.186887e-03 6.462258e-03 5.644877e-03 3.974911e-03 3.379491e-03 3.221397e-03 3.406507e-03 3.933162e-03 4.298896e-03 3.575812e-03 3.472812e-03 3.820114e-03 3.911623e-03 3.789575e-03 3.972018e-03 3.386386e-03 3.381509e-03 3.780594e-03 3.752628e-03 3.155565e-03 3.349429e-03 3.143285e-03 3.156579e-03 2.539970e-03 2.569127e-03 2.123814e-03 1.798860e-03 1.676440e-03 2.377174e-03 2.728980e-03 2.542121e-03 3.001838e-03 3.226448e-03 2.960267e-03 2.686388e-03 2.615934e-03 2.168650e-03 2.185783e-03 1.973956e-03 1.727186e-03 1.774727e-03 2.036194e-03 2.141932e-03 2.064166e-03 1.964126e-03 2.224535e-03 2.119377e-03 1.580441e-03 1.406305e-03 1.759055e-03 1.235998e-03 9.846933e-04 1.275074e-03 1.137048e-03 1.171343e-03 2.189298e-03 1.851509e-03 1.877411e-03 1.661801e-03 1.275527e-03 1.225593e-03 1.380887e-03 1.405275e-03 1.743363e-03 1.944235e-03 1.778060e-03 1.948492e-03
1.254074e-02 1.639880e-02 2.514314e-02 3.484359e-02 8.757446e-02 1.339959e-01 3.623466e-01 1.000000e+00 3.383692e-01 6.065407e-02 4.236039e-02 3.908772e-02 2.394511e-02 1.514424e-02 1.425558e-02 1.289346e-02 1.340532e-02 1.215054e-02 1.098528e-02 9.823346e-03 8.116501e-03 6.149945e-03 4.517714e-03 4.597466e-03 3.521467e-03 3.763733e-03 5.221101e-03 5.077337e-03 2.602756e-03 2.514357e-03 3.308598e-03 2.160496e-03 1.960341e-03 2.334468e-03 3.486453e-03 3.226377e-03 2.549301e-03 2.427529e-03 1.464547e-03 1.225030e-03 1.978949e-03 2.456494e-03 1.688389e-03 2.201222e-03 2.610806e-03 1.841816e-03 1.760296e-03 1.691733e-03 1.626343e-03 1.346945e-03 1.450046e-03 1.443761e-03 1.941731e-03 1.684507e-03 1.537420e-03 1.377588e-03 1.505135e-03 1.392533e-03 2.211577e-03 2.677751e-03 3.210221e-03 1.887432e-03 2.291864e-03 2.360288e-03 1.629284e-03 1.761862e-03 2.011009e-03 2.661430e-03 4.073947e-03 3.183943e-03 2.173476e-03 2.034095e-03 1.677371e-03 1.417498e-03 1.209671e-03 1.778037e-03 1.331326e-03 1.590287e-03 1.526507e-03 1.735767e-03 1.929534e-03 2.037881e-03 1.838459e-03 4.040356e-03 4.106140e-03 4.172726e-03 4.432327e-03 4.039877e-03 4.779270e-03 4.555439e-03 4.732982e-03 4.484970e-03 3.777466e-03 2.423879e-03 1.532478e-03 1.552977e-03 1.350149e-03 1.387477e-03 1.378094e-03 1.494443e-03 1.501144e-03 1.412181e-03 1.525059e-03 1.518937e-03 1.576865e-03 1.585250e-03 1.653456e-03 1.547447e-03 1.832596e-03 1.476429e-03 1.636675e-03 1.954937e-03 1.627924e-03 1.454612e-03 1.509193e-03 1.538714e-03 1.326656e-03 1.490153e-03 1.637415e-03 1.366960e-03 1.504896e-03 1.517618e-03 1.727909e-03 1.651567e-03 1.601713e-03 1.423465e-03 1.596726e-03 2.316064e-03 2.869366e-03 2.771781e-03 3.354842e-03 3.799717e-03 4.492490e-03 5.628477e-03 7.315481e-03 6.263713e-03 3.954216e-03 3.240358e-03 3.910863e-03 3.406466e-03 4.182585e-03 4.225539e-03 3.596400e-03 2.902015e-03 3.742672e-03 3.931432e-03 3.991708e-03 3.966938e-03 3.602254e-03 3.475726e-03 4.074714e-03 3.993134e-03 3.661221e-03 3.511195e-03 2.979596e-03 3.081147e-03 2.666335e-03 2.782322e-03 2.065762e-03 1.636087e-03 1.768624e-03 2.232915e-03 2.850776e-03 2.966647e-03 2.971120e-03 2.996335e-03 3.331483e-03 2.837276e-03 2.723406e-03 2.174033e-03 2.280306e-03 2.241862e-03 1.812669e-03 1.913899e-03 2.154291e-03 2.650874e-03 2.429666e-03 2.485993e-03 2.458381e-03 2.042881e-03 1.800256e-03 1.580572e-03 1.882279e-03 1.118270e-03 1.150847e-03 1.311840e-03 1.437629e-03 1.318582e-03 2.173672e-03 1.927501e-03 2.044149e-03 1.771033e-03 1.590249e-03 1.301088e-03 1.538338e-03 1.560023e-03 2.122330e-03 2.148270e-03 2.153756e-03 1.987550e-03
9.361095e-03 1.284740e-02 1.894785e-02 2.280151e-02 7.102955e-02 8.556718e-02 1.484369e-01 3.383692e-01 1.000000e+00 2.319395e-01 8.155644e-02 7.270816e-02 3.032701e-02 1.593516e-02 1.342311e-02 1.532944e-02 1.489303e-02 1.204031e-02 1.089574e-02 1.085028e-02 8.466586e-03 5.278289e-03 3.484474e-03 3.414147e-03 2.663104e-03 2.975365e-03 4.560521e-03 5.950537e-03 2.139042e-03 1.784632e-03 3.148756e-03 1.822905e-03 1.703182e-03 2.015251e-03 3.447790e-03 2.894985e-03 2.200346e-03 1.832911e-03 1.188530e-03 1.008816e-03 1.604414e-03 2.537443e-03 1.995512e-03 1.597010e-03 2.595926e-03 1.816003e-03 1.505920e-03 1.298181e-03 1.258740e-03 1.081492e-03 1.237543e-03 1.015748e-03 1.468904e-03 1.172326e-03 1.303105e-03 1.108953e-03 1.121078e-03 1.044845e-03 2.580438e-03 2.793342e-03 4.360460e-03 1.576075e-03 1.880592e-03 2.205597e-03 1.223613e-03 1.499912e-03 1.806993e-03 2.456820e-03 4.417309e-03 3.234580e-03 2.155325e-03 1.848260e-03 1.177935e-03 1.056276e-03 9.668743e-04 1.457457e-03 1.318899e-03 1.249110e-03 1.119324e-03 1.382534e-03 1.965453e-03 1.502355e-03 1.514633e-03 4.488325e-03 4.271154e-03 4.167827e-03 4.223557e-03 4.431501e-03 4.559724e-03 5.176017e-03 5.500870e-03 5.742813e-03 3.502906e-03 2.290248e-03 1.091129e-03 1.103733e-03 8.976303e-04 1.164371e-03 1.174289e-03 1.152776e-03 1.460458e-03 1.152365e-03 1.264540e-03 1.272446e-03 1.116205e-03 1.469795e-03 1.326981e-03 1.327715e-03 1.609585e-03 1.107026e-03 1.344883e-03 1.279763e-03 1.234418e-03 1.317683e-03 1.137540e-03 1.176382e-03 1.217625e-03 1.279447e-03 1.350301e-03 1.173538e-03 1.214798e-03 1.229937e-03 1.365520e-03 1.300910e-03 1.377905e-03 1.140025e-03 1.080520e-03 2.258797e-03 2.437592e-03 1.886886e-03 3.226561e-03 4.376189e-03 7.013423e-03 6.447295e-03 1.585963e-02 8.594437e-03 4.250644e-03 2.972218e-03 4.216139e-03 3.176997e-03 5.987535e-03 5.577925e-03 4.119735e-03 3.472935e-03 2.995639e-03 4.641874e-03 4.507931e-03 4.149912e-03 2.958166e-03 2.610316e-03 4.118487e-03 4.426333e-03 5.046281e-03 3.121763e-03 2.755735e-03 3.131944e-03 2.216880e-03 2.016328e-03 1.810528e-03 1.162381e-03 1.253506e-03 2.115493e-03 2.604618e-03 2.303110e-03 2.601082e-03 2.795613e-03 3.485708e-03 2.753820e-03 2.703056e-03 1.637466e-03 1.796948e-03 1.801987e-03 1.315496e-03 1.622206e-03 1.879630e-03 2.427499e-03 2.307382e-03 2.103200e-03 2.013323e-03 1.850528e-03 1.393104e-03 1.126193e-03 1.525545e-03 9.175982e-04 7.499081e-04 1.029904e-03 9.410379e-04 1.062741e-03 2.366590e-03 1.854498e-03 1.802577e-03 1.571180e-03 1.080605e-03 9.919475e-04 1.084622e-03 1.268649e-03 1.829990e-03 1.779044e-03 2.291043e-03 1.979054e-03
9.986694e-03 1.149481e-02 1.866159e-02 2.512807e-02 4.056617e-02 3.095611e-02 4.487790e-02 6.065407e-02 2.319395e-01 1.000000e+00 3.696756e-01 2.148598e-01 6.623706e-02 3.582824e-02 2.836450e-02 2.326864e-02 2.044453e-02 1.894318e-02 1.402970e-02 1.181699e-02 1.048263e-02 8.650470e-03 6.402782e-03 6.191180e-03 4.982270e-03 5.120770e-03 6.348315e-03 6.131804e-03 3.813507e-03 3.503544e-03 4.055874e-03 3.387969e-03 3.422031e-03 3.386789e-03 4.674738e-03 3.803305e-03 3.413987e-03 3.000705e-03 2.515132e-03 2.144361e-03 2.664454e-03 3.272618e-03 2.758330e-03 2.421214e-03 3.121920e-03 2.107782e-03 2.182786e-03 1.914860e-03 1.714335e-03 1.565244e-03 1.651068e-03 1.637872e-03 1.941544e-03 1.556731e-03 1.512160e-03 1.720415e-03 1.782982e-03 1.649283e-03 2.915044e-03 3.637654e-03 3.037694e-03 2.307065e-03 2.482414e-03 2.403773e-03 1.932071e-03 2.045838e-03 2.367880e-03 2.879474e-03 3.587593e-03 3.062039e-03 2.564905e-03 2.232387e-03 1.999118e-03 1.897020e-03 1.929469e-03 2.078916e-03 1.608250e-03 1.703805e-03 1.988651e-03 2.038626e-03 2.550387e-03 2.381771e-03 2.224346e-03 3.759013e-03 3.693317e-03 3.301673e-03 3.310675e-03 3.460104e-03 4.437085e-03 3.675522e-03 3.569210e-03 3.717573e-03 3.588804e-03 2.727725e-03 1.896779e-03 1.691772e-03 1.459922e-03 1.839793e-03 1.667586e-03 1.653794e-03 2.023969e-03 1.830826e-03 1.836581e-03 1.769669e-03 1.951718e-03 2.086234e-03 2.096403e-03 1.796955e-03 2.150281e-03 2.051613e-03 1.854233e-03 1.898521e-03 1.991941e-03 2.006861e-03 1.837566e-03 1.857900e-03 1.759810e-03 1.864570e-03 1.917664e-03 1.879911e-03 1.823195e-03 2.144731e-03 2.189099e-03 2.017613e-03 1.979563e-03 1.925302e-03 2.349272e-03 2.919516e-03 3.243520e-03 3.316857e-03 3.621566e-03 4.173446e-03 4.598267e-03 5.279631e-03 1.245955e-02 6.039288e-03 4.130479e-03 4.270661e-03 5.028983e-03 3.416767e-03 4.527805e-03 3.590407e-03 3.815818e-03 3.324348e-03 3.200628e-03 3.165080e-03 2.796897e-03 3.142095e-03 3.404228e-03 3.342651e-03 3.923944e-03 3.238765e-03 3.837160e-03 3.241900e-03 2.664713e-03 2.702149e-03 2.477424e-03 2.490740e-03 2.349405e-03 2.133626e-03 2.265191e-03 2.352919e-03 2.779121e-03 2.727044e-03 2.513104e-03 2.742679e-03 2.696563e-03 2.530287e-03 2.589596e-03 2.330041e-03 2.358812e-03 2.124477e-03 1.978992e-03 2.074882e-03 2.077219e-03 2.421912e-03 2.197064e-03 2.228906e-03 1.940574e-03 2.243080e-03 1.748472e-03 1.878397e-03 2.090364e-03 1.754690e-03 1.313936e-03 1.226241e-03 1.483139e-03 1.525579e-03 2.100451e-03 2.083458e-03 1.971058e-03 1.780646e-03 1.571846e-03 1.636710e-03 1.595932e-03 1.708669e-03 1.996213e-03 1.826164e-03 2.437716e-03 1.761114e-03
9.835359e-03 1.156011e-02 1.598014e-02 1.921555e-02 2.775249e-02 2.573405e-02 3.221164e-02 4.236039e-02 8.155644e-02 3.696756e-01 1.000000e+00 3.555749e-01 7.627460e-02 3.774190e-02 3.161221e-02 2.529012e-02 2.335563e-02 2.098968e-02 1.623207e-02 1.315264e-02 1.244924e-02 9.230265e-03 6.727652e-03 6.577919e-03 5.465307e-03 5.467669e-03 7.066262e-03 7.087345e-03 3.665897e-03 3.402792e-03 4.898999e-03 3.047490e-03 2.823810e-03 2.901159e-03 4.852891e-03 3.960625e-03 3.677778e-03 2.858486e-03 2.090483e-03 1.904816e-03 2.308514e-03 3.393372e-03 2.624975e-03 2.472636e-03 3.141408e-03 2.066400e-03 2.238029e-03 1.934600e-03 1.829856e-03 1.665630e-03 1.500162e-03 1.790872e-03 1.977790e-03 1.583311e-03 1.577359e-03 1.438906e-03 1.698797e-03 1.511837e-03 2.521990e-03 2.940479e-03 3.362974e-03 2.124589e-03 2.575699e-03 2.605602e-03 1.815544e-03 2.230171e-03 2.271368e-03 2.846490e-03 3.672973e-03 3.320626e-03 2.657665e-03 2.208154e-03 1.511978e-03 1.672851e-03 1.397875e-03 1.916632e-03 1.763177e-03 1.633760e-03 1.740531e-03 1.987075e-03 2.428805e-03 1.958776e-03 2.367819e-03 4.341005e-03 3.828921e-03 4.037196e-03 4.274099e-03 4.169900e-03 4.281131e-03 4.276653e-03 4.067772e-03 4.130097e-03 3.759818e-03 2.769851e-03 1.763321e-03 1.668078e-03 1.690734e-03 1.805515e-03 1.596238e-03 1.438552e-03 1.692276e-03 1.669679e-03 1.753045e-03 1.652825e-03 1.836980e-03 1.776639e-03 1.947247e-03 1.818467e-03 1.925898e-03 1.629691e-03 2.085790e-03 1.918163e-03 2.212978e-03 1.852671e-03 1.791100e-03 2.129017e-03 1.802134e-03 1.782745e-03 1.727851e-03 1.935675e-03 1.914382e-03 1.820620e-03 1.968678e-03 1.955303e-03 1.814187e-03 1.771608e-03 1.991265e-03 2.633080e-03 3.277686e-03 2.762445e-03 3.461126e-03 4.144076e-03 4.503061e-03 5.522386e-03 7.229249e-03 5.720293e-03 4.352932e-03 3.916206e-03 4.140383e-03 3.626846e-03 4.227126e-03 4.197866e-03 4.173171e-03 3.586176e-03 3.855311e-03 3.509286e-03 3.637295e-03 3.741189e-03 3.557029e-03 3.644137e-03 4.233927e-03 3.642490e-03 3.542732e-03 3.577562e-03 3.226435e-03 2.788141e-03 2.704260e-03 2.585803e-03 2.755436e-03 1.878734e-03 2.079380e-03 2.565060e-03 2.998887e-03 3.152992e-03 3.021775e-03 2.916737e-03 3.011319e-03 2.817301e-03 3.379228e-03 2.573787e-03 2.652848e-03 2.439294e-03 2.239457e-03 2.130341e-03 2.197843e-03 2.472398e-03 2.695592e-03 2.622924e-03 2.553726e-03 2.262278e-03 1.973655e-03 1.804400e-03 2.200878e-03 1.302019e-03 1.323586e-03 1.481556e-03 1.614125e-03 1.503655e-03 2.159272e-03 2.347023e-03 2.038937e-03 1.799900e-03 1.628461e-03 1.694472e-03 1.779723e-03 1.720267e-03 2.029945e-03 2.190692e-03 2.338165e-03 2.086413e-03
9.816017e-03 1.139960e-02 1.553702e-02 2.033785e-02 2.873369e-02 2.407274e-02 3.136202e-02 3.908772e-02 7.270816e-02 2.148598e-01 3.555749e-01 1.000000e+00 1.889117e-01 6.549264e-02 5.093225e-02 3.662356e-02 3.222042e-02 2.714201e-02 2.049484e-02 1.453197e-02 1.361996e-02 1.134706e-02 7.697924e-03 7.209817e-03 5.531382e-03 6.223191e-03 7.686257e-03 6.971715e-03 3.153654e-03 3.364647e-03 4.747126e-03 3.455161e-03 2.874728e-03 3.162588e-03 4.109590e-03 4.201674e-03 3.525762e-03 3.161344e-03 2.330633e-03 1.974093e-03 2.465113e-03 2.929002e-03 2.421407e-03 2.510710e-03 3.329565e-03 2.125190e-03 2.082485e-03 1.827778e-03 1.968138e-03 1.710259e-03 1.795741e-03 1.803526e-03 1.957228e-03 1.885223e-03 1.761905e-03 1.516838e-03 1.722887e-03 1.693773e-03 2.672510e-03 3.190089e-03 3.159365e-03 2.191544e-03 2.448032e-03 2.604025e-03 1.927599e-03 2.093901e-03 2.278356e-03 2.898795e-03 3.296691e-03 3.119346e-03 2.472047e-03 1.994525e-03 1.661768e-03 1.245489e-03 1.583026e-03 1.813982e-03 1.894462e-03 1.729477e-03 1.590362e-03 1.992414e-03 2.366746e-03 2.211592e-03 2.162507e-03 3.814226e-03 3.944488e-03 3.800991e-03 3.758355e-03 3.651971e-03 4.239267e-03 3.826728e-03 3.416032e-03 4.008434e-03 3.607524e-03 2.796309e-03 1.961721e-03 1.732484e-03 1.596121e-03 1.744841e-03 1.853841e-03 1.756021e-03 1.901259e-03 1.828907e-03 1.961461e-03 1.610361e-03 1.620726e-03 1.912336e-03 2.046053e-03 1.906517e-03 2.212018e-03 1.996508e-03 2.215388e-03 2.103274e-03 2.006454e-03 2.181129e-03 1.961799e-03 2.083298e-03 1.834925e-03 1.827929e-03 1.630092e-03 1.737452e-03 1.812187e-03 1.892869e-03 2.212041e-03 1.979749e-03 1.810733e-03 1.733564e-03 1.902111e-03 2.794657e-03 3.282205e-03 3.382201e-03 3.549367e-03 4.130081e-03 3.804517e-03 5.205836e-03 7.252889e-03 4.874843e-03 4.539117e-03 4.460059e-03 4.511212e-03 3.805073e-03 3.898567e-03 3.605848e-03 3.768333e-03 3.542666e-03 3.789800e-03 3.459784e-03 3.024499e-03 3.409101e-03 3.900927e-03 3.878894e-03 4.290566e-03 3.386057e-03 3.292795e-03 3.585024e-03 3.115995e-03 2.764924e-03 2.665000e-03 2.887873e-03 2.587447e-03 2.043647e-03 2.261779e-03 2.426497e-03 2.980181e-03 3.374700e-03 3.122044e-03 3.077079e-03 2.875405e-03 2.982168e-03 3.034662e-03 2.552323e-03 2.700179e-03 2.329945e-03 2.333894e-03 2.277947e-03 2.437790e-03 2.618152e-03 2.592905e-03 2.519827e-03 2.260898e-03 2.344585e-03 2.197441e-03 1.890875e-03 2.322871e-03 1.587464e-03 1.423397e-03 1.596630e-03 1.382030e-03 1.596885e-03 2.177916e-03 2.200459e-03 2.028779e-03 1.875071e-03 1.932899e-03 1.972757e-03 1.861391e-03 2.154141e-03 2.101768e-03 2.167270e-03 2.348600e-03 2.251005e-03
1.036787e-02 1.169392e-02 1.482124e-02 1.858451e-02 2.112199e-02 1.656152e-02 2.048063e-02 2.394511e-02 3.032701e-02 6.623706e-02 7.627460e-02 1.889117e-01 1.000000e+00 2.502848e-01 1.539650e-01 7.966978e-02 5.785131e-02 4.655893e-02 2.916349e-02 2.023301e-02 1.809260e-02 1.622203e-02 1.181595e-02 1.035882e-02 8.603199e-03 8.346878e-03 9.471144e-03 7.702939e-03 5.076322e-03 4.331163e-03 5.656947e-03 4.460196e-03 3.873796e-03 3.702015e-03 5.464659e-03 4.986568e-03 4.571924e-03 4.014440e-03 2.790534e-03 2.506915e-03 3.071506e-03 2.910056e-03 3.426514e-03 3.112507e-03 3.714482e-03 2.401492e-03 2.791389e-03 2.524699e-03 2.599639e-03 2.011422e-03 2.340921e-03 2.263639e-03 2.462663e-03 2.199829e-03 2.169973e-03 2.064312e-03 2.254781e-03 2.106750e-03 2.658987e-03 3.191113e-03 3.293737e-03 2.816588e-03 3.023631e-03 3.167756e-03 2.519269e-03 2.366421e-03 2.469660e-03 3.393139e-03 3.481858e-03 3.503774e-03 3.216064e-03 2.603500e-03 1.970889e-03 1.838663e-03 1.772121e-03 1.981555e-03 1.766347e-03 1.960317e-03 2.098021e-03 2.437109e-03 2.380580e-03 2.197207e-03 2.632345e-03 3.886327e-03 3.878835e-03 3.884398e-03 3.708068e-03 3.489045e-03 4.423744e-03 3.796334e-03 3.920495e-03 3.975975e-03 4.079823e-03 3.149602e-03 2.242931e-03 1.837818e-03 1.958193e-03 1.985339e-03 2.042294e-03 1.941079e-03 2.209898e-03 2.033638e-03 2.148912e-03 1.789616e-03 2.227760e-03 2.245648e-03 2.126207e-03 2.488621e-03 2.769106e-03 2.369791e-03 2.360651e-03 2.396478e-03 2.470822e-03 2.426487e-03 2.118294e-03 2.043373e-03 2.073740e-03 2.324298e-03 2.144291e-03 2.370179e-03 2.118900e-03 2.414283e-03 2.384513e-03 2.334173e-03 2.409936e-03 2.393977e-03 2.328591e-03 2.891652e-03 3.792498e-03 3.930062e-03 3.796053e-03 4.189573e-03 3.565602e-03 4.731566e-03 5.578055e-03 4.226443e-03 4.323248e-03 4.944926e-03 4.913409e-03 4.377833e-03 3.536958e-03 3.465417e-03 3.670466e-03 3.926484e-03 4.260260e-03 3.094014e-03 2.966836e-03 3.206266e-03 3.850528e-03 4.546473e-03 4.117707e-03 3.344001e-03 3.060291e-03 3.532937e-03 3.459831e-03 2.859498e-03 3.314983e-03 3.188489e-03 2.873729e-03 2.621023e-03 2.507789e-03 2.693953e-03 3.153388e-03 3.635255e-03 3.216408e-03 3.250133e-03 2.911877e-03 3.021568e-03 3.167579e-03 3.039876e-03 3.119956e-03 2.701753e-03 2.874653e-03 2.537034e-03 3.002345e-03 3.130336e-03 3.161620e-03 3.001734e-03 2.471662e-03 2.996062e-03 2.484575e-03 2.247535e-03 2.393426e-03 1.971362e-03 1.764536e-03 1.722871e-03 1.769930e-03 1.979773e-03 2.186380e-03 2.596646e-03 2.511656e-03 2.417598e-03 2.302791e-03 2.455283e-03 2.367944e-03 2.693988e-03 2.504291e-03 2.595165e-03 2.836595e-03 2.562461e-03
9.091679e-03 9.565188e-03 1.199973e-02 1.521696e-02 1.660161e-02 1.088103e-02 1.374638e-02 1.514424e-02 1.593516e-02 3.582824e-02 3.774190e-02 6.549264e-02 2.502848e-01 1.000000e+00 3.295104e-01 1.155883e-01 7.573340e-02 5.675993e-02 3.107324e-02 1.968944e-02 1.773339e-02 1.896608e-02 1.371767e-02 1.257243e-02 9.788705e-03 1.027918e-02 1.015746e-02 6.379977e-03 5.517436e-03 4.978005e-03 5.995464e-03 4.842432e-03 4.217632e-03 4.482245e-03 4.573345e-03 4.885948e-03 4.770764e-03 4.180564e-03 3.298217e-03 2.974804e-03 3.230232e-03 3.012045e-03 2.822494e-03 3.075944e-03 3.770303e-03 2.849765e-03 2.813104e-03 2.533751e-03 2.389040e-03 2.416290e-03 2.371548e-03 2.478324e-03 2.398307e-03 2.470357e-03 2.302665e-03 2.091320e-03 2.358446e-03 2.465092e-03 2.899997e-03 3.239756e-03 2.665514e-03 2.737646e-03 2.777469e-03 3.002799e-03 2.686975e-03 2.637120e-03 2.659990e-03 3.381976e-03 2.860814e-03 2.951785e-03 2.560746e-03 2.399448e-03 2.197524e-03 2.362711e-03 2.108638e-03 2.049832e-03 1.882657e-03 1.905885e-03 2.597797e-03 2.257366e-03 2.368074e-03 2.453424e-03 2.621393e-03 3.344481e-03 2.982995e-03 3.067062e-03 2.942130e-03 2.820673e-03 3.985025e-03 2.880085e-03 2.995208e-03 2.989851e-03 3.311817e-03 3.241804e-03 2.650988e-03 2.343107e-03 2.088223e-03 2.172219e-03 2.069014e-03 2.123166e-03 2.052947e-03 2.033372e-03 2.099552e-03 2.327747e-03 2.208196e-03 2.235116e-03 2.549187e-03 2.204190e-03 2.737244e-03 2.594520e-03 2.562360e-03 2.779904e-03 2.553211e-03 2.497253e-03 2.543417e-03 2.334708e-03 2.223423e-03 2.336311e-03 2.297673e-03 2.322719e-03 2.303692e-03 2.265906e-03 2.379108e-03 2.364712e-03 2.511893e-03 2.395449e-03 3.045593e-03 2.824323e-03 3.669522e-03 3.894294e-03 3.296329e-03 3.441554e-03 2.854271e-03 3.572993e-03 4.707204e-03 3.283279e-03 4.095330e-03 4.796697e-03 4.718042e-03 4.159594e-03 3.010403e-03 2.687171e-03 3.221110e-03 2.990313e-03 3.782845e-03 2.205544e-03 2.368811e-03 2.699139e-03 3.737825e-03 4.179854e-03 3.965190e-03 2.356697e-03 2.392015e-03 3.269543e-03 3.051572e-03 2.394855e-03 2.867730e-03 3.021226e-03 2.744775e-03 2.901177e-03 2.733068e-03 2.471611e-03 2.366610e-03 3.436092e-03 2.718343e-03 2.973219e-03 2.394750e-03 2.489310e-03 2.862258e-03 3.029975e-03 3.001140e-03 2.561324e-03 2.801008e-03 2.656789e-03 2.957674e-03 2.532163e-03 2.573496e-03 2.602895e-03 2.229247e-03 2.608819e-03 2.585295e-03 2.594332e-03 2.386150e-03 2.102267e-03 2.049052e-03 2.174727e-03 2.130697e-03 1.851983e-03 1.826915e-03 2.381271e-03 2.544516e-03 2.422821e-03 2.573818e-03 2.660791e-03 2.259856e-03 2.423617e-03 2.516973e-03 2.284209e-03 2.399818e-03 2.204986e-03
8.292653e-03 8.974883e-03 1.085210e-02 1.422493e-02 1.385456e-02 1.036962e-02 1.286146e-02 1.425558e-02 1.342311e-02 2.836450e-02 3.161221e-02 5.093225e-02 1.539650e-01 3.295104e-01 1.000000e+00 1.926948e-01 1.077300e-01 7.215366e-02 3.579425e-02 2.316049e-02 2.052509e-02 1.908997e-02 1.394833e-02 1.242091e-02 1.058417e-02 9.680809e-03 9.436962e-03 8.017898e-03 5.536165e-03 4.988467e-03 5.706829e-03 4.950490e-03 4.014268e-03 4.552531e-03 5.309482e-03 5.032654e-03 4.826476e-03 4.475925e-03 3.389300e-03 3.212145e-03 3.045583e-03 3.552311e-03 3.272254e-03 2.983749e-03 3.495553e-03 2.496194e-03 2.715820e-03 2.603210e-03 2.797316e-03 2.512678e-03 2.356424e-03 2.355656e-03 2.613794e-03 2.177094e-03 2.099276e-03 2.201283e-03 2.422264e-03 2.529009e-03 2.818172e-03 3.260315e-03 2.811884e-03 2.769395e-03 2.960441e-03 2.984698e-03 2.719254e-03 2.323493e-03 2.867215e-03 3.284632e-03 3.257579e-03 3.070787e-03 2.731516e-03 2.555433e-03 2.334688e-03 2.098766e-03 1.944602e-03 2.030293e-03 1.824686e-03 1.699661e-03 2.171935e-03 2.315253e-03 2.735525e-03 2.289132e-03 2.803099e-03 3.524500e-03 3.435492e-03 3.379873e-03 3.101735e-03 2.845051e-03 4.038357e-03 2.801911e-03 3.069618e-03 3.409621e-03 3.853438e-03 3.119084e-03 2.374756e-03 2.006481e-03 2.189648e-03 1.737026e-03 1.916717e-03 1.877891e-03 2.032740e-03 2.040539e-03 2.126342e-03 1.785177e-03 1.975627e-03 2.300420e-03 2.587338e-03 2.353736e-03 2.622552e-03 2.652127e-03 2.546062e-03 2.878740e-03 2.778569e-03 2.470263e-03 2.203255e-03 2.463439e-03 2.154245e-03 2.171057e-03 2.514815e-03 2.168036e-03 2.210196e-03 2.334916e-03 2.303795e-03 2.324126e-03 2.391097e-03 2.287079e-03 2.732836e-03 3.009921e-03 3.899451e-03 3.974840e-03 3.387176e-03 3.537382e-03 2.838795e-03 3.662552e-03 4.049576e-03 3.452059e-03 4.088243e-03 4.664266e-03 4.032453e-03 3.799298e-03 3.155504e-03 2.909364e-03 3.430786e-03 3.301437e-03 3.600133e-03 2.669496e-03 2.602733e-03 2.934647e-03 3.759753e-03 4.461311e-03 3.782080e-03 2.661371e-03 2.618593e-03 3.268764e-03 3.111835e-03 2.539398e-03 2.787939e-03 2.753074e-03 2.565938e-03 2.582193e-03 2.711674e-03 2.322897e-03 2.820282e-03 3.424314e-03 2.621185e-03 3.130338e-03 2.616719e-03 2.472874e-03 2.855150e-03 3.311634e-03 3.026027e-03 2.641902e-03 2.885839e-03 2.595065e-03 2.475445e-03 2.890149e-03 2.777839e-03 2.899980e-03 2.376500e-03 2.673567e-03 2.327738e-03 2.562821e-03 2.465428e-03 2.046919e-03 2.036199e-03 1.899428e-03 1.969880e-03 2.017700e-03 2.217571e-03 2.440865e-03 2.344826e-03 2.663473e-03 2.163292e-03 2.495260e-03 2.321907e-03 2.230274e-03 2.210815e-03 2.256433e-03 2.334453e-03 2.269410e-03
