12899.836000 2076.963600 1264.328100 793.676100 664.422700 523.331400 470.327760 437.890700 474.539120 407.533260 355.202500 322.822420 300.244720 333.313570 279.256380 277.687840 289.553830 225.713600 193.082300 180.901700 204.153100 181.696820 170.481260 173.908650 195.913680 177.944290 161.077450 189.465820 163.254790 155.267010 138.627060 170.834460 141.390400 131.603490 148.439450 135.674420 141.023220 133.627030 127.785280 133.635200 118.234260 92.723480 72.712944 63.642240 76.540220 67.962290 61.151790 52.516808 40.414820 39.438890 51.930637 54.786156 55.092705 52.391033 53.739697 61.474860 69.036440 39.507810 44.333187 40.402985 53.939060 41.803330 52.464820 50.949150 37.208504 44.806570 37.041904 44.600292 50.621685 65.264200 40.110508 54.095910 38.827130 50.950554 34.879990 60.136543 47.844227 48.808926 50.849834 38.607758 37.959770 45.406670 46.679737 35.845520 33.820675 32.230070 30.338528 33.490837 30.932957 42.442776 31.305070 39.091940 34.538353 28.561872 24.845171 33.367466 31.690092
2076.963600 11072.940000 4000.663800 1571.006100 1035.557300 682.330900 628.906250 623.691830 565.070430 495.048160 406.049320 430.203950 366.473630 393.650880 364.122680 346.293800 274.297270 248.802580 197.304260 189.530990 201.185750 226.915040 184.211230 202.314360 189.574810 179.513950 164.661320 179.773850 188.490050 175.283830 135.350220 194.135420 166.003000 189.711990 154.880920 168.075300 110.874050 130.740170 143.046940 152.558360 143.922900 107.003440 77.186290 84.525780 92.492740 75.595604 53.104156 57.568740 36.500040 41.098430 45.096510 49.286015 58.307987 72.634476 58.611217 53.472225 77.936520 51.208675 38.036907 37.679220 47.191933 38.343956 52.993940 64.154076 55.595352 61.519836 68.796200 41.593567 31.431273 41.259666 50.312780 53.591938 45.344147 46.015230 43.126830 51.263325 66.872310 58.545143 61.737810 56.341610 54.906044 50.146084 48.643967 48.335200 39.453487 33.959454 34.249733 51.556953 39.576900 36.566288 29.450733 31.522589 30.186577 32.244034 28.048180 40.643040 41.738130
1264.328100 4000.663800 11576.467000 3207.619600 1615.562300 925.243400 815.761700 656.287230 593.664860 534.587040 413.782840 422.583400 420.165560 351.231170 352.066530 311.918670 291.324520 225.456760 252.545100 203.143800 196.986790 192.131560 162.161640 192.143230 189.662480 161.172330 177.206920 181.434130 184.274110 172.281480 165.630770 148.190190 179.026610 174.590580 170.619980 125.814420 140.188520 158.824520 150.031860 155.701980 130.179670 95.588540 93.584450 80.909850 82.370000 81.820100 68.803470 60.647343 29.409597 48.568245 56.684370 58.866890 56.377400 54.177070 64.624360 61.602085 67.820430 67.082330 40.648815 30.679287 36.797900 34.222507 51.239300 42.779260 45.392757 52.873690 53.475536 61.382920 58.018375 51.291710 53.511610 49.407383 52.611350 63.400610 38.072903 36.169777 64.658150 54.386833 43.984802 54.476130 50.498432 51.718120 45.726875 30.431973 31.994406 25.798967 45.037376 39.879913 45.019417 37.793888 30.753664 30.478870 32.835484 41.568570 26.215517 31.629568 38.050106
793.676100 1571.006100 3207.619600 12499.323000 3683.840600 1349.902700 987.532800 843.726700 698.350400 623.523560 497.531300 427.624730 414.204900 394.908750 357.942780 316.793030 300.154050 242.610660 223.009030 196.335190 227.271550 218.038400 200.404500 223.738950 188.226680 205.696880 192.676090 192.520580 166.355220 173.275850 164.032030 168.287520 175.015140 171.942870 170.833160 151.997010 139.474950 156.634000 126.877945 115.634640 124.731920 135.859970 87.013130 55.291557 77.334724 81.186550 73.444930 58.614674 36.951070 59.742355 61.105816 58.700050 50.855320 49.452305 62.458397 53.158410 59.478150 46.309990 63.606590 33.357414 51.212990 35.831790 72.826410 43.412735 45.025875 53.656647 49.162106 42.959920 52.068546 57.834710 68.173870 71.044820 62.147580 41.925457 49.062460 54.378338 48.070045 49.345790 55.668640 45.696487 42.548748 42.695290 36.618122 29.412010 38.057940 31.734545 37.126736 35.331352 34.808430 44.775253 33.025467 35.348800 38.787174 23.435621 30.578985 30.569466 32.317257
664.422700 1035.557300 1615.562300 3683.840600 10868.312000 2861.571800 1330.491600 936.606140 796.563800 640.993400 518.210750 496.309700 504.922270 455.021900 446.342130 373.718400 358.028840 281.663060 216.502690 208.014040 223.793120 215.304230 222.819640 210.400440 191.530760 225.359950 188.738980 188.346420 184.044370 182.465320 171.392260 182.074100 162.087700 193.048720 156.186230 150.876360 183.207530 151.660370 152.693440 134.064150 135.995200 154.448230 101.684006 99.863940 118.830560 116.778190 82.962650 77.185165 53.458736 56.849550 56.141920 60.390358 65.472664 63.829205 68.272990 54.432790 58.342056 69.356060 62.551210 48.408590 44.592460 34.559616 36.525204 66.961020 43.427277 37.376170 47.416653 53.437570 50.219906 41.725330 45.441658 53.544860 66.412000 59.532150 64.079900 56.818330 48.971302 57.164314 60.281673 52.936800 47.073112 39.170680 51.454720 34.024433 31.066893 23.684639 37.454960 31.882597 40.916595 41.859680 36.807827 34.472600 29.474604 31.483532 29.212420 23.229918 41.918095
523.331400 682.330900 925.243400 1349.902700 2861.571800 11917.578000 3976.628400 1723.564000 1157.500200 837.273400 598.668000 515.457200 467.595030 460.464080 430.136720 357.668500 371.321080 301.467960 250.927290 189.372270 208.478900 226.274960 205.922530 190.442320 169.685230 166.263370 187.877620 198.085270 196.985300 201.855510 157.167180 155.723220 155.691450 169.863300 176.897720 151.097170 128.745710 154.409160 149.212520 143.687590 145.557590 112.096200 129.462480 92.261375 120.120150 82.540140 97.429054 76.825520 75.937000 57.002520 48.438152 56.108210 49.651497 67.473880 52.536537 54.164800 49.774467 51.790306 30.220236 52.963783 44.192540 54.799480 47.056923 53.944660 63.122116 57.148922 56.389687 48.297990 48.110530 30.799458 56.962080 37.627663 52.653120 46.753326 30.482504 41.829365 47.785465 49.320255 36.473484 58.016850 49.761005 41.407345 42.363630 39.157887 47.290790 25.350004 33.407146 25.942524 27.033092 35.139614 36.933693 27.818798 26.289240 36.054695 33.654877 33.381298 38.772682
470.327760 628.906250 815.761700 987.532800 1330.491600 3976.628400 12799.786000 3491.629000 1711.307400 1038.680700 666.610660 629.129500 534.896200 506.665950 434.670470 360.555050 340.793030 308.386140 234.302570 253.658580 212.202970 222.871520 192.838470 196.633330 168.887880 151.170640 171.668370 196.658400 153.169510 164.997220 172.418730 185.286220 163.304400 182.236300 176.560120 152.758930 173.832920 184.883800 161.330350 152.423300 147.506320 121.318130 104.292850 67.898560 86.088000 90.634410 82.769135 67.991150 29.174177 58.855590 59.474690 53.297630 50.100468 57.226760 41.916145 54.561580 57.621964 45.551872 38.403263 54.685562 40.153675 45.972008 85.961040 63.655224 57.767975 55.728596 51.753630 15.747817 42.822876 60.067997 40.717270 40.345150 25.370237 55.169384 42.713963 53.155910 43.171540 45.418335 54.540886 44.608536 40.139584 49.433662 46.980870 35.040070 42.724630 40.715263 27.923037 30.906782 34.889874 30.234960 25.422903 45.352337 45.239773 28.635984 26.902412 21.392984 35.743862
437.890700 623.691830 656.287230 843.726700 936.606140 1723.564000 3491.629000 11598.389000 3911.606000 1506.203000 922.900800 776.187800 634.236300 601.351100 505.665160 436.474300 351.784550 308.247280 251.866970 253.384860 261.698200 227.969060 202.688000 204.317800 241.159760 190.964080 214.949190 208.717440 202.116840 176.046830 151.182590 176.899140 169.256040 199.138000 165.624190 163.511690 177.826350 157.765880 145.155720 154.499300 138.977920 120.559296 95.247080 73.264530 88.087010 85.698555 69.281006 52.209995 40.769573 40.805202 64.475655 60.448340 52.971153 52.850906 58.805600 66.080990 41.785450 57.567750 33.988970 37.213490 58.493460 84.340540 77.995250 31.628534 56.302666 45.199870 49.420937 48.904110 40.852820 47.402690 59.569920 45.661236 54.024750 46.258007 40.212750 47.045864 59.755670 47.185802 42.585506 47.495910 59.832767 49.788303 31.392988 43.191307 38.666550 23.842848 33.053220 39.927500 33.284780 36.055010 31.579857 34.928210 26.974083 39.483906 25.063255 29.231363 29.837042
474.539120 565.070430 593.664860 698.350400 796.563800 1157.500200 1711.307400 3911.606000 9899.300000 3644.984400 1370.272600 975.131350 784.961300 679.293300 538.081540 486.841670 419.655200 324.133500 282.235840 259.545320 265.144300 233.035430 205.306020 240.082340 194.364350 249.857150 212.615690 229.568400 194.816060 201.509920 178.676120 207.093810 187.072900 200.912170 178.761660 203.585680 163.765100 185.002370 136.559780 156.231860 138.671920 94.294390 105.602290 74.298280 94.512180 99.177080 75.229630 68.194160 28.553352 38.970417 51.955204 61.853905 53.906666 58.444150 64.059135 74.760720 56.534336 46.520900 51.253696 38.924984 53.265038 60.411156 39.904408 60.412746 56.934048 52.500988 50.652313 57.914402 52.427610 47.786324 46.157160 57.435062 46.436000 49.086710 51.206140 52.024757 59.263737 57.799630 51.762672 46.267487 49.142480 35.186703 35.747074 48.923508 38.014046 49.681675 50.273365 38.132183 39.735180 35.509876 39.207850 30.129520 38.641810 19.363840 39.095955 42.298470 24.424658
407.533260 495.048160 534.587040 623.523560 640.993400 837.273400 1038.680700 1506.203000 3644.984400 11283.248000 2807.058300 1396.580300 949.006040 809.617550 631.764160 501.245000 438.885680 353.118300 275.145940 268.915900 256.962600 209.377790 211.615000 231.472060 239.723850 224.661300 212.345060 229.092160 171.023790 183.561510 178.654040 197.804640 237.716670 205.958300 165.632000 178.115450 178.785140 168.865310 167.265060 171.833820 141.625960 124.453210 105.798325 91.238556 91.385090 106.963220 67.788925 54.035362 47.107210 41.790607 55.027233 70.752120 69.323700 70.124310 57.909320 56.597550 46.330257 69.772730 65.767450 37.227993 34.293250 49.833042 49.741350 60.216515 59.140842 47.478360 54.444510 55.478878 52.299220 42.876637 72.017746 54.981960 36.886265 63.706676 43.999836 62.421993 54.318380 50.641890 51.848698 39.912113 40.223293 55.435980 43.121788 41.148220 40.615704 34.151930 50.150253 30.648620 40.425550 39.056034 34.277500 43.789997 33.056130 32.506850 35.102234 44.661663 27.983130
355.202500 406.049320 413.782840 497.531300 518.210750 598.668000 666.610660 922.900800 1370.272600 2807.058300 13171.550000 3232.552500 1535.968100 1012.308170 722.693000 529.226440 501.232150 409.766080 311.472530 267.716860 288.902220 235.108370 247.261320 250.503330 219.765730 246.205890 228.921250 180.486720 179.730700 206.060780 193.921980 231.225330 202.656170 184.060560 219.386000 188.025910 190.499400 160.264200 192.390560 199.272340 163.735520 127.158775 108.022530 105.329140 101.579450 90.195350 77.411180 71.717270 42.908844 56.367073 66.268394 56.803750 63.976177 63.431004 59.231870 74.898290 59.553577 66.025890 56.482815 34.969788 50.109210 55.478794 73.292700 39.009556 43.571320 62.678806 52.331320 41.176174 35.270535 46.771890 48.796170 60.071480 53.305830 54.094740 37.473316 66.779380 51.401447 45.883137 54.751785 44.989315 40.932014 44.540688 49.242676 50.214848 26.930826 28.515837 27.379126 44.446968 35.578667 44.469025 19.388205 34.092840 34.008224 36.501640 25.279282 32.629757 16.822853
322.822420 430.203950 422.583400 427.624730 496.309700 515.457200 629.129500 776.187800 975.131350 1396.580300 3232.552500 11829.466000 3899.342000 1541.217700 982.471200 700.412050 608.665470 415.938930 323.337550 287.926000 251.968890 286.775700 233.920210 260.922400 237.857270 245.152660 240.903370 263.427860 238.248050 227.110290 204.191100 212.445200 209.553560 186.818250 206.311520 203.431560 182.086000 178.392320 180.783000 155.561190 157.555300 132.310210 111.265290 101.811356 90.745510 110.016650 80.208810 59.139942 45.069240 44.744850 39.876880 61.896317 59.455666 72.410930 64.876335 60.905273 64.569824 64.744390 59.326645 54.977220 46.568527 45.113865 38.739777 63.443043 51.965504 54.889390 54.160175 64.874010 66.922450 46.485565 56.513557 34.551388 52.016240 50.586647 39.434730 43.707450 55.321243 53.771637 51.770554 54.876150 55.047960 42.610928 50.376450 36.535114 43.798847 34.782467 49.766518 41.071680 28.931616 45.803950 39.414917 27.723380 39.678300 22.832426 28.600254 36.009940 28.499773
300.244720 366.473630 420.165560 414.204900 504.922270 467.595030 534.896200 634.236300 784.961300 949.006040 1535.968100 3899.342000 10590.456000 3403.710700 1419.473900 932.085000 675.112240 516.282500 296.268650 365.291500 371.922030 307.080540 284.825620 285.539340 272.763300 261.347400 243.117900 250.658070 258.237730 212.294340 228.705550 227.189270 195.738700 220.614470 232.236570 205.488450 188.200400 222.486360 186.231890 125.063430 171.267500 105.795296 112.682106 85.428566 104.550690 96.929200 91.241280 81.630740 33.815723 44.998833 46.717625 60.556274 69.734720 62.923077 60.276470 49.443910 80.081750 85.146330 56.653088 48.103146 49.234550 74.525950 40.957607 44.716747 58.686440 52.504940 62.714226 64.162970 56.314186 52.125430 53.392660 65.501050 58.049366 63.946712 56.853200 57.412020 58.488354 55.689827 58.018456 65.538600 51.432050 50.681675 45.066555 39.762810 37.302303 36.773743 36.000164 41.686090 37.646687 39.505585 34.527730 35.682380 30.508990 39.830288 30.237602 37.069607 36.157642
333.313570 393.650880 351.231170 394.908750 455.021900 460.464080 506.665950 601.351100 679.293300 809.617550 1012.308170 1541.217700 3403.710700 11023.524000 3068.858400 1242.306900 894.100340 552.242700 459.194400 385.742900 321.450530 321.052280 294.293850 294.960500 276.513000 284.856960 261.701570 263.689640 302.423830 250.142010 241.318970 250.205570 285.829500 263.121060 220.495930 205.308780 236.839040 227.933750 217.896670 201.980560 180.494080 167.950000 131.141310 122.056040 99.543550 121.910065 107.248825 84.162315 59.893642 47.265102 75.138230 66.358490 64.767140 54.485653 84.105606 72.377730 55.090042 65.054970 60.646664 50.063630 50.728737 62.547060 66.104440 55.847060 51.149790 51.078533 61.297230 70.738620 54.822258 59.519836 48.265404 45.307236 71.735120 49.950990 70.057630 50.366478 66.228840 37.094090 61.248917 41.865090 45.977913 61.890110 39.569313 45.403477 48.836143 24.494394 35.968685 38.178837 34.087480 31.831486 44.014103 49.657005 38.102890 18.088846 37.763954 32.032170 33.717625
279.256380 364.122680 352.066530 357.942780 446.342130 430.136720 434.670470 505.665160 538.081540 631.764160 722.693000 982.471200 1419.473900 3068.858400 12083.592000 3754.536600 1267.688500 758.794070 560.072100 437.912480 431.338600 352.498700 350.773470 381.826020 309.855650 310.256070 285.036040 287.201350 248.769520 250.140290 253.532100 292.181030 266.841700 245.103100 261.100200 226.596540 243.886290 228.593380 217.325970 219.990050 232.330950 168.853990 148.224430 118.064800 116.450350 134.021040 108.634796 77.491356 53.525356 71.569016 68.198235 58.457966 75.886170 75.321020 68.986360 62.564487 71.431090 41.786613 63.852383 41.440918 58.600536 58.392030 51.427574 46.228240 74.733640 39.093403 38.574040 60.192177 64.424440 42.137478 47.035390 63.054535 74.806610 58.200527 63.930620 51.809746 77.791670 56.814697 53.606365 44.428790 54.496110 51.475586 46.069730 43.270370 41.992570 26.678423 43.696100 43.473170 38.407110 41.603670 27.208393 37.443214 26.283531 26.268970 31.876646 29.437002 31.477747
277.687840 346.293800 311.918670 316.793030 373.718400 357.668500 360.555050 436.474300 486.841670 501.245000 529.226440 700.412050 932.085000 1242.306900 3754.536600 12750.157000 2949.627200 985.886840 647.588700 562.392900 490.642940 409.210300 368.872740 389.729060 361.621900 317.971040 344.142520 317.060640 324.929080 335.282350 263.565060 310.225430 284.179960 296.482900 287.369660 260.280700 274.765170 284.207820 240.493840 224.186610 228.782440 235.174290 182.292280 138.663360 123.813170 153.528260 126.960660 102.712330 75.427470 72.589790 63.083890 82.340060 71.678280 84.451540 74.535570 54.978996 62.770588 71.423904 81.467510 58.004130 61.949650 33.758167 71.356346 92.837410 59.702484 64.326096 54.894280 58.462135 47.238426 67.461040 55.984676 53.888084 67.274550 74.609580 52.459630 51.095880 71.957890 74.451540 55.095882 70.297450 52.793540 49.599280 49.831882 42.884380 27.514109 55.524920 40.070780 43.709797 34.046580 32.069760 40.448524 40.087105 38.388107 27.336372 34.479760 30.254946 28.813852
289.553830 274.297270 291.324520 300.154050 358.028840 371.321080 340.793030 351.784550 419.655200 438.885680 501.232150 608.665470 675.112240 894.100340 1267.688500 2949.627200 11405.901000 2897.513000 1004.365600 769.272770 704.579830 511.060100 470.312230 424.990230 373.370570 396.293000 342.189480 417.702300 388.367980 387.861050 322.965120 355.896270 331.342320 293.523160 324.798280 314.524140 324.204500 324.673430 268.075620 245.415660 264.723140 229.519130 185.886110 166.800830 159.302980 143.214700 115.852950 96.282260 61.833218 64.528786 65.961555 79.540350 80.949090 68.940670 66.278880 76.717636 73.421040 75.352135 65.512090 64.896030 48.307210 58.497790 74.189835 59.230570 52.680553 79.985374 74.909730 52.100240 45.336205 56.988630 71.096640 61.795510 62.951366 76.431490 83.673540 72.817680 79.066140 76.269590 71.962630 55.870834 43.823406 49.727077 45.557648 50.160690 47.958237 24.054070 31.246468 44.309334 51.943510 38.761490 38.550140 25.007355 37.417934 35.527344 38.939342 33.422363 39.024270
225.713600 248.802580 225.456760 242.610660 281.663060 301.467960 308.386140 308.247280 324.133500 353.118300 409.766080 415.938930 516.282500 552.242700 758.794070 985.886840 2897.513000 9505.445000 2887.014000 1334.428300 946.128400 685.941300 652.535200 557.197630 489.100560 449.851200 393.861800 360.957460 425.047580 414.273470 345.851650 379.175900 376.599800 359.413360 367.310580 375.121900 332.595030 340.177920 351.762000 270.099240 294.935520 270.187930 218.854490 203.445160 177.590420 175.053070 178.141360 128.265000 113.513720 105.315346 99.276980 82.666580 82.314130 77.448150 82.785330 72.513730 68.628830 103.900910 75.551030 99.787420 61.280678 59.366447 67.971504 70.499510 67.346590 53.886100 67.876870 60.584670 74.286040 67.968340 59.072130 60.622700 73.519780 69.462494 67.618324 90.630820 83.044320 94.345900 65.401110 43.684334 50.538815 47.661858 54.393120 47.134766 53.366653 50.856785 51.701836 41.796530 39.048027 49.700070 38.529820 39.125496 30.589817 31.047277 36.851700 41.566990 37.003510
193.082300 197.304260 252.545100 223.009030 216.502690 250.927290 234.302570 251.866970 282.235840 275.145940 311.472530 323.337550 296.268650 459.194400 560.072100 647.588700 1004.365600 2887.014000 11374.856000 4418.988300 1799.690200 1119.445900 868.754760 692.177550 588.588000 515.555700 484.342220 447.319850 384.426100 433.042200 357.690640 338.260620 410.182920 389.582060 389.486880 390.970300 303.781830 313.527680 327.418060 237.802380 267.830320 221.114290 187.942230 162.909130 167.541430 156.807390 136.465680 87.870964 63.807390 64.362076 67.995420 58.284122 84.092960 76.185390 64.712180 92.482800 56.200813 60.642735 94.491554 36.401157 57.881924 42.538790 85.829280 84.113010 59.933080 48.395535 68.975970 57.403904 59.941574 54.095932 70.912970 81.703360 79.268170 78.430290 44.251816 70.844894 67.443770 69.233680 76.684746 51.569630 49.162415 55.519688 40.746773 47.161102 51.727833 44.524555 32.331703 20.279040 32.049484 46.289210 37.068604 16.531824 23.087109 29.749390 35.548420 31.192663 18.762257
180.901700 189.530990 203.143800 196.335190 208.014040 189.372270 253.658580 253.384860 259.545320 268.915900 267.716860 287.926000 365.291500 385.742900 437.912480 562.392900 769.272770 1334.428300 4418.988300 12216.511000 4020.435300 1634.905500 1086.545500 807.510500 626.207700 587.132260 516.676450 460.059800 403.632420 423.237000 318.697450 398.031130 370.896330 365.530460 360.495730 315.420800 336.611940 319.602140 310.683930 288.458860 223.690890 201.501770 146.949370 142.973450 130.998280 137.642000 117.588410 80.155914 56.126358 50.323800 82.058500 75.292090 91.653040 71.269196 92.762150 48.984867 79.895676 55.882786 47.202140 54.890137 62.423527 81.639360 79.891310 83.909330 56.992900 44.847153 66.377020 62.836624 48.332077 63.445267 55.445850 75.381584 63.528130 68.399330 49.977592 52.551975 79.099990 58.840042 72.172540 58.847687 46.676410 57.118496 44.326020 47.245583 36.531204 34.813118 50.559402 38.758854 29.832190 37.485485 27.775776 31.022398 38.681750 37.951550 26.836367 43.697144 29.339886
204.153100 201.185750 196.986790 227.271550 223.793120 208.478900 212.202970 261.698200 265.144300 256.962600 288.902220 251.968890 371.922030 321.450530 431.338600 490.642940 704.579830 946.128400 1799.690200 4020.435300 10462.122000 3766.656700 1656.162000 1091.237300 838.627600 689.219200 595.348700 551.440800 543.326200 459.469360 400.212280 442.545200 381.948270 397.004400 348.520570 310.694640 309.409180 304.784880 286.490360 268.068240 252.642320 183.933880 176.338230 144.185730 116.774930 142.344910 114.176230 83.208990 62.154385 68.970510 80.131780 71.262890 80.295570 74.672660 79.479836 66.712340 72.704640 60.172430 90.709680 65.190130 55.452580 81.235730 44.312790 66.824700 70.248620 48.584137 68.312630 85.577000 73.620560 73.314110 62.580380 68.652214 73.857480 70.521660 59.972763 73.856400 69.695480 57.113735 86.606540 55.723354 46.401577 53.462605 51.621044 40.945934 39.575245 51.722050 54.772370 38.171375 33.093650 39.208730 47.097782 36.968143 27.936659 41.379192 27.411274 39.632060 25.427753
181.696820 226.915040 192.131560 218.038400 215.304230 226.274960 222.871520 227.969060 233.035430 209.377790 235.108370 286.775700 307.080540 321.052280 352.498700 409.210300 511.060100 685.941300 1119.445900 1634.905500 3766.656700 12052.426000 3488.609400 1497.024500 1057.490000 789.497400 631.425900 605.671800 547.029240 461.305080 446.449900 462.698360 369.321700 393.576500 397.454930 332.211400 306.431980 314.858550 264.586760 253.216350 241.905560 215.358490 145.758200 143.656250 141.520430 123.129845 123.504730 92.230576 65.298780 68.419400 74.627075 76.935234 66.065100 92.816780 83.700680 76.326160 70.876350 59.104910 60.885277 62.086628 70.809440 52.767353 64.133780 79.153114 64.096710 73.372894 82.051200 66.578380 76.678260 61.950850 63.006897 76.923996 71.656830 56.596040 60.381508 65.684460 59.817470 47.234604 61.037766 71.317550 52.707294 37.878246 39.886154 48.263416 66.028810 28.207054 41.665620 46.117844 48.937576 33.836533 45.311275 38.347984 40.502970 36.320034 32.615932 19.507730 42.668430
170.481260 184.211230 162.161640 200.404500 222.819640 205.922530 192.838470 202.688000 205.306020 211.615000 247.261320 233.920210 284.825620 294.293850 350.773470 368.872740 470.312230 652.535200 868.754760 1086.545500 1656.162000 3488.609400 11390.099000 3272.562000 1703.464600 1082.320300 859.747800 696.039800 584.577300 515.505600 486.847800 463.080000 467.476560 369.419300 400.624020 349.733700 349.042450 354.776000 312.789250 300.793370 253.831800 205.272490 146.896900 148.369050 140.080700 139.609340 125.304490 98.075806 55.433040 63.511696 77.860730 71.375190 96.010124 64.693570 107.506670 74.206566 83.477140 76.054700 71.048740 79.891500 75.929825 62.241386 44.850940 63.657640 56.881393 55.075054 60.812820 65.093445 72.630350 72.084330 80.834380 84.877460 73.938930 52.964620 53.956524 74.421100 71.544120 75.975365 72.723940 72.396030 59.087708 51.306072 46.658630 46.362470 50.050747 30.246770 45.992626 31.320060 53.592880 53.215550 33.898490 48.377660 47.051150 24.055140 41.251930 43.738426 29.740020
173.908650 202.314360 192.143230 223.738950 210.400440 190.442320 196.633330 204.317800 240.082340 231.472060 250.503330 260.922400 285.539340 294.960500 381.826020 389.729060 424.990230 557.197630 692.177550 807.510500 1091.237300 1497.024500 3272.562000 10290.331000 4075.260000 1619.041300 993.863000 847.260900 710.237700 621.944100 485.784240 489.672420 408.865940 437.203800 388.106500 344.181520 360.944670 369.615480 330.100280 287.422880 252.065430 187.499010 156.575130 154.619780 137.233320 147.020570 117.101970 91.865750 54.623848 74.378784 76.278076 87.985634 76.302086 91.871830 87.606800 87.427890 90.053300 77.268350 78.592520 86.135735 81.380020 83.765310 85.925674 53.586575 67.076610 67.373080 72.111750 43.884945 59.667940 68.926700 72.493515 72.872020 51.762540 63.418690 75.178340 69.436540 75.192190 62.325504 77.804825 82.578710 59.284874 53.986385 46.274536 53.518223 49.963554 40.522327 49.205920 54.548313 45.697502 46.341200 40.343327 33.702614 52.529636 35.910366 39.046776 34.776300 35.859080
195.913680 189.574810 189.662480 188.226680 191.530760 169.685230 168.887880 241.159760 194.364350 239.723850 219.765730 237.857270 272.763300 276.513000 309.855650 361.621900 373.370570 489.100560 588.588000 626.207700 838.627600 1057.490000 1703.464600 4075.260000 11581.306000 3046.635500 1429.661300 990.803700 777.207800 677.304800 512.852840 545.536800 441.814200 475.548500 415.143250 366.049160 374.737430 368.491580 363.014560 269.370180 240.949770 215.809800 162.058560 107.146545 126.322980 138.878950 126.827000 93.922310 44.703545 54.530056 54.886900 71.903240 75.876205 90.547874 85.952230 97.190370 81.135060 75.868540 77.234406 81.972980 69.917510 89.408210 85.903015 87.378500 54.472473 87.904390 58.237408 78.423650 52.493940 86.627850 72.789505 74.413930 68.030850 81.365860 67.172920 76.360050 63.789116 67.485510 66.659350 68.353590 59.045580 60.392975 54.612120 49.561703 46.762054 44.562805 52.853817 33.150887 41.700127 39.379635 48.694344 39.379543 54.301320 50.460705 36.069706 38.243840 44.911613
177.944290 179.513950 161.172330 205.696880 225.359950 166.263370 151.170640 190.964080 249.857150 224.661300 246.205890 245.152660 261.347400 284.856960 310.256070 317.971040 396.293000 449.851200 515.555700 587.132260 689.219200 789.497400 1082.320300 1619.041300 3046.635500 11927.497000 3633.824200 1569.245600 1049.290600 840.265870 646.462700 630.376200 507.752350 458.405270 469.461940 408.266940 383.640530 374.900800 296.449700 293.198760 242.296340 190.771380 146.150470 127.297880 134.287750 144.687440 118.776460 76.872990 54.425690 61.282410 75.649506 82.137030 65.207855 88.192215 78.196390 79.733140 61.979828 100.989525 77.613200 65.055140 65.828606 43.980907 83.668200 59.375790 79.214570 79.501970 62.354330 65.284966 61.780000 85.692520 76.897600 68.761185 65.359480 53.175785 58.715076 82.637215 61.362570 65.045150 80.752686 77.671210 69.889984 58.157158 76.563310 31.846323 49.340970 21.701738 40.856182 30.750900 48.599470 41.363396 42.157803 30.082400 48.762570 48.079502 36.246610 31.040752 51.567200
161.077450 164.661320 177.206920 192.676090 188.738980 187.877620 171.668370 214.949190 212.615690 212.345060 228.921250 240.903370 243.117900 261.701570 285.036040 344.142520 342.189480 393.861800 484.342220 516.676450 595.348700 631.425900 859.747800 993.863000 1429.661300 3633.824200 12339.246000 3887.014000 1565.067100 1053.594100 756.392940 678.825740 527.300840 486.386780 474.345900 369.683720 374.907960 406.359160 329.420720 323.453860 257.422580 211.478760 151.777280 135.112230 96.052040 134.138720 123.084100 93.567250 48.620290 65.010430 79.969940 80.134050 89.320280 92.261444 94.510310 82.973366 98.625410 79.215200 76.001236 57.455517 73.001660 53.040977 59.172012 70.723170 66.650770 61.461140 78.164180 72.172530 75.648550 73.607680 70.370690 65.992160 58.891148 63.210575 73.058334 73.361190 73.232400 73.398320 68.171425 63.722103 73.584175 64.571070 51.297420 43.797077 54.673595 36.350414 28.742327 65.243164 43.027890 49.128437 41.191690 36.531315 28.901203 44.144108 37.361893 34.662174 41.698307
189.465820 179.773850 181.434130 192.520580 188.346420 198.085270 196.658400 208.717440 229.568400 229.092160 180.486720 263.427860 250.658070 263.689640 287.201350 317.060640 417.702300 360.957460 447.319850 460.059800 551.440800 605.671800 696.039800 847.260900 990.803700 1569.245600 3887.014000 11505.029000 3217.625700 1627.416500 912.005700 790.506700 666.415500 607.939700 540.491300 431.876040 416.469240 399.011570 377.375000 291.775630 278.424320 265.159330 186.211010 139.302640 161.569630 160.122040 125.442840 79.456780 50.128216 73.167534 74.321270 79.633120 84.527504 92.153990 84.731730 78.124870 91.575264 54.448010 65.985990 47.208400 66.902900 86.417400 68.499306 70.891140 79.181130 82.612210 82.749760 74.160380 81.101450 62.061630 82.917940 91.289050 65.042240 81.101710 66.954840 71.038000 69.469250 70.419540 72.393050 61.318512 51.497154 59.176620 70.517840 46.313250 50.106010 31.092693 36.375824 47.204662 50.090847 33.479465 55.007755 36.942772 40.305874 39.362778 35.952606 22.690287 29.479923
163.254790 188.490050 184.274110 166.355220 184.044370 196.985300 153.169510 202.116840 194.816060 171.023790 179.730700 238.248050 258.237730 302.423830 248.769520 324.929080 388.367980 425.047580 384.426100 403.632420 543.326200 547.029240 584.577300 710.237700 777.207800 1049.290600 1565.067100 3217.625700 12609.004000 3573.276100 1511.212300 1123.557600 811.707400 627.931400 536.134300 469.427150 442.438140 427.821040 370.237550 282.381380 293.421500 275.335720 187.986450 150.690780 138.715910 153.335370 136.577400 99.192000 62.226845 68.398130 80.726610 81.906654 78.104690 94.010010 81.140430 76.476130 75.925460 84.486540 93.613660 66.652090 77.859530 60.341938 54.663340 51.723022 66.798294 61.930130 67.020996 41.586613 89.772930 99.051980 64.331550 78.313580 59.635020 57.155518 65.761030 83.009260 75.169310 48.647034 88.634340 73.011100 52.836945 78.163390 73.057680 73.917150 42.774918 46.080124 44.043060 60.271896 49.328568 36.851105 39.593290 55.276527 45.949448 15.706005 28.690649 40.560005 27.881912
155.267010 175.283830 172.281480 173.275850 182.465320 201.855510 164.997220 176.046830 201.509920 183.561510 206.060780 227.110290 212.294340 250.142010 250.140290 335.282350 387.861050 414.273470 433.042200 423.237000 459.469360 461.305080 515.505600 621.944100 677.304800 840.265870 1053.594100 1627.416500 3573.276100 9754.598000 4642.875500 1989.354000 1066.967700 830.546260 633.889100 535.682200 475.566770 475.503300 457.039340 370.079900 350.774170 249.226360 183.277660 152.929210 163.603990 167.643720 135.262450 105.954636 46.115993 84.235240 92.303085 91.818375 81.527306 94.392070 82.107190 89.696030 81.400990 95.171070 82.962850 96.213880 67.702850 95.400740 110.279180 71.552444 96.153465 67.709080 66.809555 66.380730 72.203380 74.470780 71.195830 80.623050 64.164894 69.765560 72.019740 89.625840 67.591880 74.258965 58.023033 59.096848 64.971924 57.443768 42.338593 46.582970 42.450798 31.873095 56.773968 45.163494 45.885525 40.783180 47.628216 44.606500 55.937560 38.626358 34.019990 42.082336 38.571198
138.627060 135.350220 165.630770 164.032030 171.392260 157.167180 172.418730 151.182590 178.676120 178.654040 193.921980 204.191100 228.705550 241.318970 253.532100 263.565060 322.965120 345.851650 357.690640 318.697450 400.212280 446.449900 486.847800 485.784240 512.852840 646.462700 756.392940 912.005700 1511.212300 4642.875500 14258.401000 3822.080800 1315.849100 956.181760 706.236500 618.032600 503.404660 478.180570 389.963300 300.154940 296.295470 254.005040 220.561720 135.952260 129.299620 151.507400 144.183990 90.020410 62.836330 94.336870 79.853676 69.874756 113.285570 91.868520 83.452484 100.728490 113.086950 112.127045 94.530570 40.968212 67.390396 52.228256 110.397500 39.172222 67.452550 82.709850 73.648980 74.296970 71.678500 73.929420 51.969322 60.689793 49.067432 74.690430 63.638252 75.644520 64.519740 66.062650 67.126860 62.745716 49.402283 50.974960 47.852920 51.419456 31.925913 39.372776 42.452880 68.470020 41.223495 44.654457 27.812933 53.957344 25.983723 35.244087 41.388092 36.568996 21.116253
170.834460 194.135420 148.190190 168.287520 182.074100 155.723220 185.286220 176.899140 207.093810 197.804640 231.225330 212.445200 227.189270 250.205570 292.181030 310.225430 355.896270 379.175900 338.260620 398.031130 442.545200 462.698360 463.080000 489.672420 545.536800 630.376200 678.825740 790.506700 1123.557600 1989.354000 3822.080800 12756.814000 2750.060800 1190.567900 919.774900 659.519700 544.699100 484.959080 475.337550 370.094420 313.403440 232.172550 193.252800 169.482420 171.357860 203.107540 177.938230 103.370970 74.541430 78.336900 85.399400 100.760960 76.210075 96.168100 94.383490 80.095924 101.865090 97.158030 82.065834 77.759575 55.621517 63.083782 80.561620 76.885380 77.068504 79.189740 61.308033 52.673145 80.210785 66.971620 59.408300 71.082700 87.552030 83.038506 63.497444 88.897690 69.907814 74.678660 83.009480 65.366520 56.090210 51.639350 66.228070 62.106876 47.634970 45.394672 43.951390 41.350680 44.605072 40.451843 51.440490 52.812004 45.955704 54.276104 43.325110 42.402990 35.069680
141.390400 166.003000 179.026610 175.015140 162.087700 155.691450 163.304400 169.256040 187.072900 237.716670 202.656170 209.553560 195.738700 285.829500 266.841700 284.179960 331.342320 376.599800 410.182920 370.896330 381.948270 369.321700 467.476560 408.865940 441.814200 507.752350 527.300840 666.415500 811.707400 1066.967700 1315.849100 2750.060800 13877.072000 3299.104200 1432.731300 893.672240 667.014800 540.946000 480.641050 395.190280 358.496250 316.063300 267.442260 198.316730 200.599610 286.504150 148.251620 117.385056 81.301330 113.582280 83.707825 110.498740 98.129320 87.827940 90.088840 101.366560 102.230090 100.572390 98.102170 67.731270 79.120160 52.559093 74.064540 91.980840 75.218190 62.932854 108.168580 68.266075 72.132545 54.704212 80.315590 96.238190 85.289710 83.704870 89.101036 72.008896 68.747760 81.822930 80.419136 64.721760 57.669655 64.536026 50.162544 50.075974 30.238258 28.816133 46.790543 33.175877 38.027573 61.788820 31.487755 43.064835 22.412844 40.787445 34.708553 44.160770 33.645860
131.603490 189.711990 174.590580 171.942870 193.048720 169.863300 182.236300 199.138000 200.912170 205.958300 184.060560 186.818250 220.614470 263.121060 245.103100 296.482900 293.523160 359.413360 389.582060 365.530460 397.004400 393.576500 369.419300 437.203800 475.548500 458.405270 486.386780 607.939700 627.931400 830.546260 956.181760 1190.567900 3299.104200 11529.867000 3708.117200 1389.957800 838.774960 712.839300 608.030800 451.459100 406.304050 344.082240 224.701450 193.441450 217.380450 222.227160 189.707700 128.809590 71.550476 93.764490 118.668465 124.067444 103.838880 105.081660 91.833755 110.679880 103.578160 101.426400 102.166855 96.462070 92.256740 91.726875 87.000900 75.853065 76.842064 93.751785 88.203650 66.333755 79.747250 85.776630 74.221280 76.524445 80.751980 81.641320 77.750200 74.021570 91.266495 89.706770 73.413124 79.681900 72.614550 64.867294 68.958040 42.128050 53.787086 50.290325 46.974705 38.370940 52.907368 38.207172 36.635250 45.245230 53.156567 47.613930 45.476990 44.265846 39.938583
148.439450 154.880920 170.619980 170.833160 156.186230 176.897720 176.560120 165.624190 178.761660 165.632000 219.386000 206.311520 232.236570 220.495930 261.100200 287.369660 324.798280 367.310580 389.486880 360.495730 348.520570 397.454930 400.624020 388.106500 415.143250 469.461940 474.345900 540.491300 536.134300 633.889100 706.236500 919.774900 1432.731300 3708.117200 11967.162000 3076.034200 1086.615500 900.729600 742.000850 537.534550 527.418500 355.433870 269.141780 224.615780 217.758560 255.853600 184.392990 150.697800 102.382450 113.258440 123.832450 103.578285 106.740270 108.456760 115.674980 110.854390 93.197580 112.668465 101.077920 72.021470 113.270070 96.668526 88.360275 99.936990 94.114006 94.455460 81.251810 87.259930 64.541534 77.010420 85.790436 81.694450 80.330605 78.462500 73.080620 76.089820 80.878136 78.296300 71.956070 79.097450 73.545784 59.225070 67.026160 59.741505 49.602802 42.972683 50.967846 44.146248 43.305393 49.143420 36.521950 58.078453 38.994244 43.370983 40.579746 56.196870 39.083770
135.674420 168.075300 125.814420 151.997010 150.876360 151.097170 152.758930 163.511690 203.585680 178.115450 188.025910 203.431560 205.488450 205.308780 226.596540 260.280700 314.524140 375.121900 390.970300 315.420800 310.694640 332.211400 349.733700 344.181520 366.049160 408.266940 369.683720 431.876040 469.427150 535.682200 618.032600 659.519700 893.672240 1389.957800 3076.034200 10564.187000 3173.987500 1487.989300 1038.720500 705.375100 553.238830 456.490720 383.531950 304.570680 285.443180 308.385200 249.105960 202.341610 117.942375 160.872910 154.605480 114.245070 113.965240 112.853900 110.862500 121.585780 117.932890 114.045620 102.239640 93.776115 118.057570 69.737680 106.133800 108.793650 86.463264 89.212494 72.718190 89.025604 99.987320 79.435840 90.407790 80.151910 80.050110 79.421555 86.893990 87.791760 85.136330 72.739360 77.850945 61.327770 55.726646 70.611145 71.562990 54.217464 50.553000 48.175460 44.052444 50.385040 44.034878 35.774870 43.450485 42.929745 34.496464 45.177220 33.600132 36.562920 51.879610
141.023220 110.874050 140.188520 139.474950 183.207530 128.745710 173.832920 177.826350 163.765100 178.785140 190.499400 182.086000 188.200400 236.839040 243.886290 274.765170 324.204500 332.595030 303.781830 336.611940 309.409180 306.431980 349.042450 360.944670 374.737430 383.640530 374.907960 416.469240 442.438140 475.566770 503.404660 544.699100 667.014800 838.774960 1086.615500 3173.987500 12331.657000 3709.419400 1540.184300 704.424700 608.962950 490.259300 377.908800 281.679660 292.103270 294.309660 238.064130 184.926300 131.228560 124.549620 117.408430 118.850840 122.407360 112.175570 135.638990 101.554680 109.505450 103.216570 101.262535 135.713910 116.258255 87.761055 89.660736 103.121956 107.829025 70.507126 94.990390 71.649560 77.934364 78.920250 88.573480 97.652890 79.451640 65.034450 91.126110 96.190040 86.731900 86.528920 92.385080 62.206020 73.050970 60.787490 56.286312 52.398632 54.277420 31.275412 54.350582 54.543495 45.025078 50.023018 44.398340 41.268894 46.156340 43.824234 36.163883 41.293210 27.203186
133.627030 130.740170 158.824520 156.634000 151.660370 154.409160 184.883800 157.765880 185.002370 168.865310 160.264200 178.392320 222.486360 227.933750 228.593380 284.207820 324.673430 340.177920 313.527680 319.602140 304.784880 314.858550 354.776000 369.615480 368.491580 374.900800 406.359160 399.011570 427.821040 475.503300 478.180570 484.959080 540.946000 712.839300 900.729600 1487.989300 3709.419400 10513.262000 3304.326200 1222.503800 782.779100 511.450900 383.053040 285.359300 317.873100 343.964360 268.298650 169.491290 116.204544 105.921620 154.707210 146.927500 128.807360 137.533540 121.860910 109.993500 129.632740 131.370220 109.260860 115.964350 117.504960 82.788690 109.371640 96.589350 93.435660 106.590280 87.294586 116.063700 85.771880 78.125275 78.455475 90.370964 70.707610 86.104880 87.717430 81.017950 109.291000 92.187675 67.558700 75.424030 75.176780 60.818752 42.140667 60.472668 61.521984 51.063590 43.794136 54.936980 39.025300 43.256413 50.516556 38.340820 41.187637 39.106580 43.008114 39.417350 38.120950
127.785280 143.046940 150.031860 126.877945 152.693440 149.212520 161.330350 145.155720 136.559780 167.265060 192.390560 180.783000 186.231890 217.896670 217.325970 240.493840 268.075620 351.762000 327.418060 310.683930 286.490360 264.586760 312.789250 330.100280 363.014560 296.449700 329.420720 377.375000 370.237550 457.039340 389.963300 475.337550 480.641050 608.030800 742.000850 1038.720500 1540.184300 3304.326200 9992.327000 2775.793500 1212.448900 723.078600 575.149660 463.289520 383.964570 398.920440 342.272280 248.557160 164.657040 172.847870 196.443860 157.760800 156.999560 133.406390 126.113670 130.875260 127.448880 136.929230 143.932480 120.772770 100.435890 97.298560 116.016090 132.853470 99.274536 104.071884 91.279350 98.137886 80.965935 84.754906 78.729645 83.281080 88.213960 108.980270 90.403000 93.752594 94.634710 88.358910 76.040110 80.925270 74.759865 60.324364 56.002940 57.047234 53.824745 53.345066 47.510468 63.959774 44.306110 58.658890 36.867702 52.259617 50.002160 44.445370 46.657740 41.085320 45.390575
