1.000000 0.179276 0.109132 0.068507 0.057351 0.045172 0.040597 0.037797 0.040961 0.035177 0.030660 0.027865 0.025916 0.028770 0.024104 0.023969 0.024993 0.019483 0.016666 0.015615 0.017622 0.015683 0.014715 0.015011 0.016911 0.015360 0.013904 0.016354 0.014092 0.013402 0.011966 0.014746 0.012204 0.011360 0.012813 0.011711 0.012173 0.011534 0.011030 0.011535 0.010206 0.008004 0.006276 0.005493 0.006607 0.005866 0.005278 0.004533 0.003488 0.003404 0.004482 0.004729 0.004755 0.004522 0.004639 0.005306 0.005959 0.003410 0.003827 0.003487 0.004656 0.003608 0.004529 0.004398 0.003212 0.003868 0.003197 0.003850 0.004369 0.005633 0.003462 0.004669 0.003351 0.004398 0.003011 0.005191 0.004130 0.004213 0.004389 0.003332 0.003277 0.003919 0.004029 0.003094 0.002919 0.002782 0.002619 0.002891 0.002670 0.003664 0.002702 0.003374 0.002981 0.002465 0.002145 0.002880 0.002735
0.179276 1.000000 0.345323 0.135604 0.089386 0.058896 0.054285 0.053835 0.048775 0.042731 0.035049 0.037134 0.031633 0.033979 0.031430 0.029891 0.023676 0.021476 0.017031 0.016360 0.017366 0.019587 0.015900 0.017463 0.016363 0.015495 0.014213 0.015517 0.016270 0.015130 0.011683 0.016757 0.014329 0.016375 0.013369 0.014508 0.009570 0.011285 0.012347 0.013168 0.012423 0.009236 0.006662 0.007296 0.007984 0.006525 0.004584 0.004969 0.003151 0.003547 0.003893 0.004254 0.005033 0.006270 0.005059 0.004616 0.006727 0.004420 0.003283 0.003252 0.004073 0.003310 0.004574 0.005538 0.004799 0.005310 0.005938 0.003590 0.002713 0.003561 0.004343 0.004626 0.003914 0.003972 0.003723 0.004425 0.005772 0.005053 0.005329 0.004863 0.004739 0.004328 0.004199 0.004172 0.003405 0.002931 0.002956 0.004450 0.003416 0.003156 0.002542 0.002721 0.002606 0.002783 0.002421 0.003508 0.003603
0.109132 0.345323 1.000000 0.276870 0.139450 0.079864 0.070414 0.056648 0.051243 0.046144 0.035716 0.036476 0.036267 0.030317 0.030389 0.026924 0.025146 0.019461 0.021799 0.017535 0.017003 0.016584 0.013997 0.016585 0.016371 0.013912 0.015296 0.015661 0.015906 0.014871 0.014297 0.012791 0.015453 0.015070 0.014727 0.010860 0.012101 0.013709 0.012950 0.013440 0.011237 0.008251 0.008078 0.006984 0.007110 0.007062 0.005939 0.005235 0.002539 0.004192 0.004893 0.005081 0.004866 0.004676 0.005578 0.005317 0.005854 0.005790 0.003509 0.002648 0.003176 0.002954 0.004423 0.003693 0.003918 0.004564 0.004616 0.005298 0.005008 0.004427 0.004619 0.004265 0.004541 0.005473 0.003286 0.003122 0.005581 0.004694 0.003797 0.004702 0.004359 0.004464 0.003947 0.002627 0.002762 0.002227 0.003887 0.003442 0.003886 0.003262 0.002655 0.002631 0.002834 0.003588 0.002263 0.002730 0.003284
0.068507 0.135604 0.276870 1.000000 0.317976 0.116519 0.085240 0.072828 0.060279 0.053820 0.042945 0.036911 0.035753 0.034087 0.030896 0.027344 0.025908 0.020941 0.019249 0.016947 0.019617 0.018820 0.017298 0.019312 0.016247 0.017755 0.016631 0.016618 0.014359 0.014957 0.014159 0.014526 0.015107 0.014842 0.014746 0.013120 0.012039 0.013520 0.010952 0.009981 0.010766 0.011727 0.007511 0.004773 0.006675 0.007008 0.006340 0.005059 0.003189 0.005157 0.005274 0.005067 0.004390 0.004269 0.005391 0.004588 0.005134 0.003997 0.005490 0.002879 0.004421 0.003093 0.006286 0.003747 0.003886 0.004631 0.004244 0.003708 0.004494 0.004992 0.005885 0.006132 0.005364 0.003619 0.004235 0.004694 0.004149 0.004259 0.004805 0.003944 0.003673 0.003685 0.003161 0.002539 0.003285 0.002739 0.003205 0.003050 0.003005 0.003865 0.002851 0.003051 0.003348 0.002023 0.002639 0.002639 0.002790
0.057351 0.089386 0.139450 0.317976 1.000000 0.247001 0.114843 0.080845 0.068757 0.055328 0.044730 0.042840 0.043583 0.039276 0.038527 0.032258 0.030904 0.024312 0.018688 0.017955 0.019317 0.018584 0.019233 0.018161 0.016532 0.019452 0.016291 0.016257 0.015886 0.015750 0.014794 0.015716 0.013991 0.016663 0.013481 0.013023 0.015814 0.013091 0.013180 0.011572 0.011739 0.013331 0.008777 0.008620 0.010257 0.010080 0.007161 0.006662 0.004614 0.004907 0.004846 0.005213 0.005651 0.005510 0.005893 0.004698 0.005036 0.005987 0.005399 0.004178 0.003849 0.002983 0.003153 0.005780 0.003748 0.003226 0.004093 0.004613 0.004335 0.003602 0.003922 0.004622 0.005732 0.005139 0.005531 0.004904 0.004227 0.004934 0.005203 0.004569 0.004063 0.003381 0.004441 0.002937 0.002682 0.002044 0.003233 0.002752 0.003532 0.003613 0.003177 0.002976 0.002544 0.002718 0.002522 0.002005 0.003618
0.045172 0.058896 0.079864 0.116519 0.247001 1.000000 0.343249 0.148772 0.099911 0.072270 0.051675 0.044492 0.040361 0.039746 0.037128 0.030873 0.032051 0.026022 0.021659 0.016346 0.017995 0.019531 0.017775 0.016438 0.014647 0.014351 0.016217 0.017098 0.017003 0.017423 0.013566 0.013441 0.013439 0.014662 0.015269 0.013042 0.011113 0.013328 0.012880 0.012403 0.012564 0.009676 0.011175 0.007964 0.010368 0.007125 0.008410 0.006631 0.006555 0.004920 0.004181 0.004843 0.004286 0.005824 0.004535 0.004675 0.004296 0.004470 0.002609 0.004572 0.003815 0.004730 0.004062 0.004656 0.005448 0.004933 0.004867 0.004169 0.004153 0.002659 0.004917 0.003248 0.004545 0.004036 0.002631 0.003611 0.004125 0.004257 0.003148 0.005008 0.004295 0.003574 0.003657 0.003380 0.004082 0.002188 0.002884 0.002239 0.002333 0.003033 0.003188 0.002401 0.002269 0.003112 0.002905 0.002881 0.003347
0.040597 0.054285 0.070414 0.085240 0.114843 0.343249 1.000000 0.301385 0.147714 0.089655 0.057539 0.054304 0.046170 0.043734 0.037519 0.031122 0.029416 0.026619 0.020224 0.021895 0.018317 0.019237 0.016645 0.016973 0.014578 0.013049 0.014818 0.016975 0.013221 0.014242 0.014883 0.015993 0.014096 0.015730 0.015240 0.013186 0.015005 0.015959 0.013925 0.013157 0.012732 0.010472 0.009002 0.005861 0.007431 0.007823 0.007144 0.005869 0.002518 0.005080 0.005134 0.004600 0.004324 0.004940 0.003618 0.004710 0.004974 0.003932 0.003315 0.004720 0.003466 0.003968 0.007420 0.005494 0.004986 0.004810 0.004467 0.001359 0.003696 0.005185 0.003515 0.003482 0.002190 0.004762 0.003687 0.004588 0.003726 0.003920 0.004708 0.003850 0.003465 0.004267 0.004055 0.003025 0.003688 0.003514 0.002410 0.002668 0.003012 0.002610 0.002194 0.003915 0.003905 0.002472 0.002322 0.001847 0.003085
0.037797 0.053835 0.056648 0.072828 0.080845 0.148772 0.301385 1.000000 0.337636 0.130010 0.079662 0.066998 0.054745 0.051907 0.043647 0.037675 0.030365 0.026607 0.021740 0.021871 0.022589 0.019677 0.017495 0.017636 0.020816 0.016483 0.018554 0.018016 0.017446 0.015196 0.013050 0.015269 0.014610 0.017189 0.014296 0.014114 0.015349 0.013618 0.012529 0.013336 0.011996 0.010406 0.008221 0.006324 0.007603 0.007397 0.005980 0.004507 0.003519 0.003522 0.005565 0.005218 0.004572 0.004562 0.005076 0.005704 0.003607 0.004969 0.002934 0.003212 0.005049 0.007280 0.006732 0.002730 0.004860 0.003901 0.004266 0.004221 0.003526 0.004092 0.005142 0.003941 0.004663 0.003993 0.003471 0.004061 0.005158 0.004073 0.003676 0.004100 0.005165 0.004298 0.002710 0.003728 0.003338 0.002058 0.002853 0.003446 0.002873 0.003112 0.002726 0.003015 0.002328 0.003408 0.002163 0.002523 0.002575
0.040961 0.048775 0.051243 0.060279 0.068757 0.099911 0.147714 0.337636 1.000000 0.314622 0.118277 0.084170 0.067755 0.058634 0.046445 0.042022 0.036223 0.027978 0.024362 0.022403 0.022886 0.020115 0.017721 0.020723 0.016777 0.021567 0.018352 0.019816 0.016816 0.017394 0.015423 0.017876 0.016147 0.017342 0.015430 0.017573 0.014136 0.015969 0.011787 0.013485 0.011970 0.008139 0.009115 0.006413 0.008158 0.008561 0.006494 0.005886 0.002465 0.003364 0.004485 0.005339 0.004653 0.005045 0.005529 0.006453 0.004880 0.004016 0.004424 0.003360 0.004598 0.005214 0.003444 0.005215 0.004914 0.004532 0.004372 0.004999 0.004525 0.004125 0.003984 0.004958 0.004008 0.004237 0.004420 0.004491 0.005115 0.004989 0.004468 0.003994 0.004242 0.003037 0.003086 0.004223 0.003281 0.004288 0.004339 0.003291 0.003430 0.003065 0.003384 0.002601 0.003335 0.001671 0.003375 0.003651 0.002108
0.035177 0.042731 0.046144 0.053820 0.055328 0.072270 0.089655 0.130010 0.314622 1.000000 0.242295 0.120548 0.081915 0.069883 0.054532 0.043266 0.037883 0.030480 0.023750 0.023212 0.022180 0.018073 0.018266 0.019980 0.020692 0.019392 0.018329 0.019774 0.014762 0.015844 0.015421 0.017074 0.020519 0.017778 0.014297 0.015374 0.015432 0.014576 0.014438 0.014832 0.012225 0.010742 0.009132 0.007875 0.007888 0.009233 0.005851 0.004664 0.004066 0.003607 0.004750 0.006107 0.005984 0.006053 0.004999 0.004885 0.003999 0.006023 0.005677 0.003213 0.002960 0.004301 0.004293 0.005198 0.005105 0.004098 0.004699 0.004789 0.004514 0.003701 0.006216 0.004746 0.003184 0.005499 0.003798 0.005388 0.004689 0.004371 0.004475 0.003445 0.003472 0.004785 0.003722 0.003552 0.003506 0.002948 0.004329 0.002645 0.003489 0.003371 0.002959 0.003780 0.002853 0.002806 0.003030 0.003855 0.002415
0.030660 0.035049 0.035716 0.042945 0.044730 0.051675 0.057539 0.079662 0.118277 0.242295 1.000000 0.279023 0.132579 0.087379 0.062380 0.045681 0.043265 0.035370 0.026885 0.023108 0.024937 0.020294 0.021343 0.021623 0.018969 0.021252 0.019760 0.015579 0.015514 0.017786 0.016739 0.019959 0.017493 0.015887 0.018937 0.016230 0.016443 0.013833 0.016606 0.017200 0.014133 0.010976 0.009324 0.009092 0.008768 0.007785 0.006682 0.006190 0.003704 0.004865 0.005720 0.004903 0.005522 0.005475 0.005113 0.006465 0.005140 0.005699 0.004875 0.003018 0.004325 0.004789 0.006326 0.003367 0.003761 0.005410 0.004517 0.003554 0.003044 0.004037 0.004212 0.005185 0.004601 0.004669 0.003235 0.005764 0.004437 0.003960 0.004726 0.003883 0.003533 0.003845 0.004250 0.004334 0.002325 0.002461 0.002363 0.003837 0.003071 0.003838 0.001674 0.002943 0.002935 0.003151 0.002182 0.002816 0.001452
0.027865 0.037134 0.036476 0.036911 0.042840 0.044492 0.054304 0.066998 0.084170 0.120548 0.279023 1.000000 0.336577 0.133032 0.084803 0.060457 0.052538 0.035902 0.027909 0.024853 0.021749 0.024753 0.020191 0.022522 0.020531 0.021161 0.020794 0.022738 0.020565 0.019603 0.017625 0.018338 0.018088 0.016125 0.017808 0.017559 0.015717 0.015398 0.015605 0.013427 0.013600 0.011421 0.009604 0.008788 0.007833 0.009496 0.006923 0.005105 0.003890 0.003862 0.003442 0.005343 0.005132 0.006250 0.005600 0.005257 0.005573 0.005589 0.005121 0.004745 0.004020 0.003894 0.003344 0.005476 0.004485 0.004738 0.004675 0.005600 0.005777 0.004012 0.004878 0.002982 0.004490 0.004366 0.003404 0.003773 0.004775 0.004641 0.004469 0.004737 0.004752 0.003678 0.004348 0.003154 0.003781 0.003002 0.004296 0.003545 0.002497 0.003954 0.003402 0.002393 0.003425 0.001971 0.002469 0.003108 0.002460
0.025916 0.031633 0.036267 0.035753 0.043583 0.040361 0.046170 0.054745 0.067755 0.081915 0.132579 0.336577 1.000000 0.293796 0.122524 0.080454 0.058273 0.044564 0.025573 0.031531 0.032103 0.026506 0.024585 0.024647 0.023544 0.022559 0.020985 0.021636 0.022290 0.018325 0.019741 0.019610 0.016895 0.019043 0.020046 0.017737 0.016245 0.019204 0.016075 0.010795 0.014783 0.009132 0.009726 0.007374 0.009024 0.008367 0.007876 0.007046 0.002919 0.003884 0.004033 0.005227 0.006019 0.005431 0.005203 0.004268 0.006912 0.007350 0.004890 0.004152 0.004250 0.006433 0.003535 0.003860 0.005066 0.004532 0.005413 0.005538 0.004861 0.004499 0.004609 0.005654 0.005011 0.005520 0.004907 0.004956 0.005049 0.004807 0.005008 0.005657 0.004439 0.004375 0.003890 0.003432 0.003220 0.003174 0.003107 0.003598 0.003250 0.003410 0.002980 0.003080 0.002633 0.003438 0.002610 0.003200 0.003121
0.028770 0.033979 0.030317 0.034087 0.039276 0.039746 0.043734 0.051907 0.058634 0.069883 0.087379 0.133032 0.293796 1.000000 0.264893 0.107232 0.077176 0.047668 0.039636 0.033296 0.027746 0.027712 0.025402 0.025460 0.023868 0.024588 0.022589 0.022761 0.026104 0.021591 0.020830 0.021597 0.024672 0.022712 0.019032 0.017722 0.020443 0.019674 0.018808 0.017434 0.015580 0.014497 0.011320 0.010535 0.008592 0.010523 0.009257 0.007265 0.005170 0.004080 0.006486 0.005728 0.005590 0.004703 0.007260 0.006247 0.004755 0.005615 0.005235 0.004321 0.004379 0.005399 0.005706 0.004821 0.004415 0.004409 0.005291 0.006106 0.004732 0.005138 0.004166 0.003911 0.006192 0.004312 0.006047 0.004347 0.005717 0.003202 0.005287 0.003614 0.003969 0.005342 0.003415 0.003919 0.004215 0.002114 0.003105 0.003295 0.002942 0.002748 0.003799 0.004286 0.003289 0.001561 0.003260 0.002765 0.002910
0.024104 0.031430 0.030389 0.030896 0.038527 0.037128 0.037519 0.043647 0.046445 0.054532 0.062380 0.084803 0.122524 0.264893 1.000000 0.324078 0.109422 0.065496 0.048343 0.037799 0.037232 0.030426 0.030278 0.032958 0.026746 0.026780 0.024603 0.024790 0.021473 0.021591 0.021884 0.025220 0.023033 0.021156 0.022537 0.019559 0.021051 0.019731 0.018759 0.018989 0.020054 0.014575 0.012794 0.010191 0.010052 0.011568 0.009377 0.006689 0.004620 0.006178 0.005887 0.005046 0.006550 0.006501 0.005955 0.005400 0.006166 0.003607 0.005512 0.003577 0.005058 0.005040 0.004439 0.003990 0.006451 0.003374 0.003330 0.005196 0.005561 0.003637 0.004060 0.005443 0.006457 0.005024 0.005518 0.004472 0.006715 0.004904 0.004627 0.003835 0.004704 0.004443 0.003977 0.003735 0.003625 0.002303 0.003772 0.003752 0.003315 0.003591 0.002349 0.003232 0.002269 0.002267 0.002751 0.002541 0.002717
0.023969 0.029891 0.026924 0.027344 0.032258 0.030873 0.031122 0.037675 0.042022 0.043266 0.045681 0.060457 0.080454 0.107232 0.324078 1.000000 0.254601 0.085098 0.055898 0.048544 0.042351 0.035322 0.031840 0.033640 0.031214 0.027446 0.029705 0.027368 0.028047 0.028940 0.022750 0.026778 0.024529 0.025591 0.024805 0.022467 0.023717 0.024532 0.020759 0.019351 0.019748 0.020299 0.015735 0.011969 0.010687 0.013252 0.010959 0.008866 0.006511 0.006266 0.005445 0.007107 0.006187 0.007290 0.006434 0.004746 0.005418 0.006165 0.007032 0.005007 0.005347 0.002914 0.006159 0.008013 0.005153 0.005552 0.004738 0.005046 0.004077 0.005823 0.004832 0.004651 0.005807 0.006440 0.004528 0.004410 0.006211 0.006426 0.004756 0.006068 0.004557 0.004281 0.004301 0.003702 0.002375 0.004793 0.003459 0.003773 0.002939 0.002768 0.003491 0.003460 0.003314 0.002360 0.002976 0.002612 0.002487
0.024993 0.023676 0.025146 0.025908 0.030904 0.032051 0.029416 0.030365 0.036223 0.037883 0.043265 0.052538 0.058273 0.077176 0.109422 0.254601 1.000000 0.250103 0.086693 0.066401 0.060817 0.044113 0.040596 0.036684 0.032228 0.034207 0.029537 0.036055 0.033523 0.033479 0.027877 0.030720 0.028600 0.025336 0.028035 0.027149 0.027984 0.028025 0.023139 0.021183 0.022850 0.019811 0.016045 0.014398 0.013750 0.012362 0.010000 0.008311 0.005337 0.005570 0.005694 0.006866 0.006987 0.005951 0.005721 0.006622 0.006337 0.006504 0.005655 0.005602 0.004170 0.005049 0.006404 0.005113 0.004547 0.006904 0.006466 0.004497 0.003913 0.004919 0.006137 0.005334 0.005434 0.006597 0.007222 0.006285 0.006825 0.006583 0.006212 0.004823 0.003783 0.004292 0.003932 0.004330 0.004140 0.002076 0.002697 0.003825 0.004484 0.003346 0.003328 0.002159 0.003230 0.003067 0.003361 0.002885 0.003368
0.019483 0.021476 0.019461 0.020941 0.024312 0.026022 0.026619 0.026607 0.027978 0.030480 0.035370 0.035902 0.044564 0.047668 0.065496 0.085098 0.250103 1.000000 0.249197 0.115183 0.081666 0.059208 0.056325 0.048095 0.042217 0.038830 0.033997 0.031157 0.036689 0.035759 0.029853 0.032729 0.032507 0.031023 0.031705 0.032379 0.028708 0.029363 0.030363 0.023314 0.025458 0.023322 0.018891 0.017561 0.015329 0.015110 0.015377 0.011071 0.009798 0.009090 0.008569 0.007135 0.007105 0.006685 0.007146 0.006259 0.005924 0.008968 0.006521 0.008613 0.005290 0.005124 0.005867 0.006085 0.005813 0.004651 0.005859 0.005229 0.006412 0.005867 0.005099 0.005233 0.006346 0.005996 0.005837 0.007823 0.007168 0.008144 0.005645 0.003771 0.004362 0.004114 0.004695 0.004069 0.004606 0.004390 0.004463 0.003608 0.003370 0.004290 0.003326 0.003377 0.002640 0.002680 0.003181 0.003588 0.003194
0.016666 0.017031 0.021799 0.019249 0.018688 0.021659 0.020224 0.021740 0.024362 0.023750 0.026885 0.027909 0.025573 0.039636 0.048343 0.055898 0.086693 0.249197 1.000000 0.381432 0.155343 0.096627 0.074988 0.059746 0.050805 0.044501 0.041807 0.038611 0.033182 0.037379 0.030875 0.029197 0.035406 0.033627 0.033619 0.033747 0.026221 0.027063 0.028262 0.020526 0.023118 0.019086 0.016223 0.014062 0.014462 0.013535 0.011779 0.007585 0.005508 0.005556 0.005869 0.005031 0.007259 0.006576 0.005586 0.007983 0.004851 0.005234 0.008156 0.003142 0.004996 0.003672 0.007408 0.007260 0.005173 0.004177 0.005954 0.004955 0.005174 0.004669 0.006121 0.007052 0.006842 0.006770 0.003820 0.006115 0.005822 0.005976 0.006619 0.004451 0.004244 0.004792 0.003517 0.004071 0.004465 0.003843 0.002791 0.001750 0.002766 0.003996 0.003200 0.001427 0.001993 0.002568 0.003068 0.002692 0.001619
0.015615 0.016360 0.017535 0.016947 0.017955 0.016346 0.021895 0.021871 0.022403 0.023212 0.023108 0.024853 0.031531 0.033296 0.037799 0.048544 0.066401 0.115183 0.381432 1.000000 0.347030 0.141119 0.093787 0.069701 0.054052 0.050679 0.044598 0.039711 0.034840 0.036532 0.027509 0.034357 0.032014 0.031551 0.031117 0.027226 0.029055 0.027587 0.026817 0.024899 0.019308 0.017393 0.012684 0.012341 0.011307 0.011881 0.010150 0.006919 0.004845 0.004344 0.007083 0.006499 0.007911 0.006152 0.008007 0.004228 0.006896 0.004824 0.004074 0.004738 0.005388 0.007047 0.006896 0.007243 0.004919 0.003871 0.005729 0.005424 0.004172 0.005476 0.004786 0.006507 0.005484 0.005904 0.004314 0.004536 0.006828 0.005079 0.006230 0.005080 0.004029 0.004930 0.003826 0.004078 0.003153 0.003005 0.004364 0.003346 0.002575 0.003236 0.002398 0.002678 0.003339 0.003276 0.002316 0.003772 0.002533
0.017622 0.017366 0.017003 0.019617 0.019317 0.017995 0.018317 0.022589 0.022886 0.022180 0.024937 0.021749 0.032103 0.027746 0.037232 0.042351 0.060817 0.081666 0.155343 0.347030 1.000000 0.325125 0.142954 0.094192 0.072387 0.059491 0.051388 0.047598 0.046898 0.039660 0.034545 0.038199 0.032968 0.034268 0.030083 0.026818 0.026707 0.026308 0.024729 0.023139 0.021807 0.015877 0.015221 0.012446 0.010080 0.012287 0.009855 0.007182 0.005365 0.005953 0.006917 0.006151 0.006931 0.006445 0.006860 0.005758 0.006276 0.005194 0.007830 0.005627 0.004786 0.007012 0.003825 0.005768 0.006064 0.004194 0.005897 0.007387 0.006355 0.006328 0.005402 0.005926 0.006375 0.006087 0.005177 0.006375 0.006016 0.004930 0.007476 0.004810 0.004005 0.004615 0.004456 0.003534 0.003416 0.004464 0.004728 0.003295 0.002857 0.003384 0.004065 0.003191 0.002411 0.003572 0.002366 0.003421 0.002195
0.015683 0.019587 0.016584 0.018820 0.018584 0.019531 0.019237 0.019677 0.020115 0.018073 0.020294 0.024753 0.026506 0.027712 0.030426 0.035322 0.044113 0.059208 0.096627 0.141119 0.325125 1.000000 0.301124 0.129218 0.091279 0.068147 0.054502 0.052279 0.047218 0.039818 0.038536 0.039938 0.031879 0.033972 0.034307 0.028675 0.026450 0.027177 0.022838 0.021857 0.020880 0.018589 0.012581 0.012400 0.012216 0.010628 0.010660 0.007961 0.005636 0.005906 0.006442 0.006641 0.005703 0.008012 0.007225 0.006588 0.006118 0.005102 0.005255 0.005359 0.006112 0.004555 0.005536 0.006832 0.005533 0.006333 0.007082 0.005747 0.006619 0.005347 0.005439 0.006640 0.006185 0.004885 0.005212 0.005670 0.005163 0.004077 0.005269 0.006156 0.004550 0.003270 0.003443 0.004166 0.005699 0.002435 0.003596 0.003981 0.004224 0.002921 0.003911 0.003310 0.003496 0.003135 0.002815 0.001684 0.003683
0.014715 0.015900 0.013997 0.017298 0.019233 0.017775 0.016645 0.017495 0.017721 0.018266 0.021343 0.020191 0.024585 0.025402 0.030278 0.031840 0.040596 0.056325 0.074988 0.093787 0.142954 0.301124 1.000000 0.282476 0.147037 0.093422 0.074210 0.060080 0.050459 0.044497 0.042023 0.039971 0.040351 0.031887 0.034580 0.030188 0.030128 0.030623 0.026999 0.025963 0.021910 0.017718 0.012680 0.012807 0.012091 0.012051 0.010816 0.008466 0.004785 0.005482 0.006721 0.006161 0.008287 0.005584 0.009280 0.006405 0.007205 0.006565 0.006133 0.006896 0.006554 0.005372 0.003871 0.005495 0.004910 0.004754 0.005249 0.005619 0.006269 0.006222 0.006977 0.007326 0.006382 0.004572 0.004657 0.006424 0.006175 0.006558 0.006277 0.006249 0.005100 0.004429 0.004027 0.004002 0.004320 0.002611 0.003970 0.002703 0.004626 0.004593 0.002926 0.004176 0.004061 0.002076 0.003561 0.003775 0.002567
0.015011 0.017463 0.016585 0.019312 0.018161 0.016438 0.016973 0.017636 0.020723 0.019980 0.021623 0.022522 0.024647 0.025460 0.032958 0.033640 0.036684 0.048095 0.059746 0.069701 0.094192 0.129218 0.282476 1.000000 0.351762 0.139750 0.085787 0.073133 0.061305 0.053684 0.041931 0.042267 0.035292 0.037738 0.033500 0.029709 0.031155 0.031904 0.028493 0.024809 0.021757 0.016184 0.013515 0.013346 0.011845 0.012690 0.010108 0.007930 0.004715 0.006420 0.006584 0.007595 0.006586 0.007930 0.007562 0.007546 0.007773 0.006670 0.006784 0.007435 0.007024 0.007230 0.007417 0.004625 0.005790 0.005815 0.006224 0.003788 0.005150 0.005950 0.006257 0.006290 0.004468 0.005474 0.006489 0.005994 0.006490 0.005380 0.006716 0.007128 0.005117 0.004660 0.003994 0.004620 0.004313 0.003498 0.004247 0.004708 0.003944 0.004000 0.003482 0.002909 0.004534 0.003100 0.003370 0.003002 0.003095
0.016911 0.016363 0.016371 0.016247 0.016532 0.014647 0.014578 0.020816 0.016777 0.020692 0.018969 0.020531 0.023544 0.023868 0.026746 0.031214 0.032228 0.042217 0.050805 0.054052 0.072387 0.091279 0.147037 0.351762 1.000000 0.262975 0.123403 0.085523 0.067086 0.058463 0.044268 0.047089 0.038136 0.041048 0.035834 0.031596 0.032346 0.031807 0.031334 0.023251 0.020798 0.018628 0.013988 0.009249 0.010904 0.011988 0.010947 0.008107 0.003859 0.004707 0.004738 0.006206 0.006549 0.007816 0.007419 0.008389 0.007003 0.006549 0.006667 0.007076 0.006035 0.007717 0.007415 0.007542 0.004702 0.007588 0.005027 0.006769 0.004531 0.007477 0.006283 0.006423 0.005872 0.007023 0.005798 0.006591 0.005506 0.005825 0.005754 0.005900 0.005097 0.005213 0.004714 0.004278 0.004036 0.003847 0.004562 0.002861 0.003599 0.003399 0.004203 0.003399 0.004687 0.004356 0.003113 0.003301 0.003877
0.015360 0.015495 0.013912 0.017755 0.019452 0.014351 0.013049 0.016483 0.021567 0.019392 0.021252 0.021161 0.022559 0.024588 0.026780 0.027446 0.034207 0.038830 0.044501 0.050679 0.059491 0.068147 0.093422 0.139750 0.262975 1.000000 0.313659 0.135452 0.090571 0.072529 0.055800 0.054412 0.043827 0.039568 0.040522 0.035240 0.033115 0.032360 0.025588 0.025308 0.020914 0.016467 0.012615 0.010988 0.011591 0.012489 0.010252 0.006635 0.004698 0.005290 0.006530 0.007090 0.005629 0.007612 0.006750 0.006882 0.005350 0.008717 0.006699 0.005615 0.005682 0.003796 0.007222 0.005125 0.006838 0.006862 0.005382 0.005635 0.005333 0.007397 0.006638 0.005935 0.005642 0.004590 0.005068 0.007133 0.005297 0.005614 0.006970 0.006704 0.006033 0.005020 0.006609 0.002749 0.004259 0.001873 0.003527 0.002654 0.004195 0.003570 0.003639 0.002597 0.004209 0.004150 0.003129 0.002679 0.004451
0.013904 0.014213 0.015296 0.016631 0.016291 0.016217 0.014818 0.018554 0.018352 0.018329 0.019760 0.020794 0.020985 0.022589 0.024603 0.029705 0.029537 0.033997 0.041807 0.044598 0.051388 0.054502 0.074210 0.085787 0.123403 0.313659 1.000000 0.335513 0.135091 0.090943 0.065289 0.058594 0.045515 0.041983 0.040944 0.031910 0.032361 0.035075 0.028434 0.027919 0.022220 0.018254 0.013101 0.011662 0.008291 0.011578 0.010624 0.008076 0.004197 0.005611 0.006903 0.006917 0.007710 0.007964 0.008158 0.007162 0.008513 0.006838 0.006560 0.004959 0.006301 0.004578 0.005108 0.006105 0.005753 0.005305 0.006747 0.006230 0.006530 0.006354 0.006074 0.005696 0.005083 0.005456 0.006306 0.006332 0.006321 0.006335 0.005884 0.005500 0.006352 0.005574 0.004428 0.003780 0.004719 0.003138 0.002481 0.005632 0.003714 0.004241 0.003556 0.003153 0.002495 0.003810 0.003225 0.002992 0.003599
0.016354 0.015517 0.015661 0.016618 0.016257 0.017098 0.016975 0.018016 0.019816 0.019774 0.015579 0.022738 0.021636 0.022761 0.024790 0.027368 0.036055 0.031157 0.038611 0.039711 0.047598 0.052279 0.060080 0.073133 0.085523 0.135452 0.335513 1.000000 0.277734 0.140473 0.078721 0.068234 0.057523 0.052475 0.046653 0.037278 0.035948 0.034441 0.032574 0.025185 0.024033 0.022888 0.016073 0.012024 0.013946 0.013821 0.010828 0.006858 0.004327 0.006316 0.006415 0.006874 0.007296 0.007954 0.007314 0.006743 0.007904 0.004700 0.005696 0.004075 0.005775 0.007459 0.005913 0.006119 0.006835 0.007131 0.007143 0.006401 0.007000 0.005357 0.007157 0.007880 0.005614 0.007000 0.005779 0.006132 0.005996 0.006078 0.006249 0.005293 0.004445 0.005108 0.006087 0.003998 0.004325 0.002684 0.003140 0.004075 0.004324 0.002890 0.004748 0.003189 0.003479 0.003398 0.003103 0.001959 0.002545
0.014092 0.016270 0.015906 0.014359 0.015886 0.017003 0.013221 0.017446 0.016816 0.014762 0.015514 0.020565 0.022290 0.026104 0.021473 0.028047 0.033523 0.036689 0.033182 0.034840 0.046898 0.047218 0.050459 0.061305 0.067086 0.090571 0.135091 0.277734 1.000000 0.308433 0.130443 0.096982 0.070064 0.054201 0.046277 0.040519 0.038190 0.036928 0.031958 0.024374 0.025327 0.023766 0.016226 0.013007 0.011973 0.013235 0.011789 0.008562 0.005371 0.005904 0.006968 0.007070 0.006742 0.008115 0.007004 0.006601 0.006554 0.007293 0.008080 0.005753 0.006721 0.005209 0.004718 0.004465 0.005766 0.005346 0.005785 0.003590 0.007749 0.008550 0.005553 0.006760 0.005147 0.004933 0.005676 0.007165 0.006488 0.004199 0.007651 0.006302 0.004561 0.006747 0.006306 0.006380 0.003692 0.003977 0.003802 0.005202 0.004258 0.003181 0.003418 0.004771 0.003966 0.001356 0.002476 0.003501 0.002407
0.013402 0.015130 0.014871 0.014957 0.015750 0.017423 0.014242 0.015196 0.017394 0.015844 0.017786 0.019603 0.018325 0.021591 0.021591 0.028940 0.033479 0.035759 0.037379 0.036532 0.039660 0.039818 0.044497 0.053684 0.058463 0.072529 0.090943 0.140473 0.308433 1.000000 0.400757 0.171714 0.092097 0.071690 0.054715 0.046238 0.041049 0.041044 0.039450 0.031944 0.030278 0.021512 0.015820 0.013200 0.014122 0.014470 0.011675 0.009146 0.003981 0.007271 0.007967 0.007925 0.007037 0.008148 0.007087 0.007742 0.007026 0.008215 0.007161 0.008305 0.005844 0.008235 0.009519 0.006176 0.008300 0.005844 0.005767 0.005730 0.006232 0.006428 0.006145 0.006959 0.005538 0.006022 0.006216 0.007736 0.005834 0.006410 0.005008 0.005101 0.005608 0.004958 0.003655 0.004021 0.003664 0.002751 0.004901 0.003898 0.003961 0.003520 0.004111 0.003850 0.004828 0.003334 0.002936 0.003632 0.003329
0.011966 0.011683 0.014297 0.014159 0.014794 0.013566 0.014883 0.013050 0.015423 0.015421 0.016739 0.017625 0.019741 0.020830 0.021884 0.022750 0.027877 0.029853 0.030875 0.027509 0.034545 0.038536 0.042023 0.041931 0.044268 0.055800 0.065289 0.078721 0.130443 0.400757 1.000000 0.329909 0.113579 0.082534 0.060960 0.053346 0.043452 0.041275 0.033660 0.025908 0.025575 0.021925 0.019038 0.011735 0.011161 0.013078 0.012445 0.007770 0.005424 0.008143 0.006893 0.006031 0.009778 0.007930 0.007203 0.008695 0.009761 0.009678 0.008160 0.003536 0.005817 0.004508 0.009529 0.003381 0.005822 0.007139 0.006357 0.006413 0.006187 0.006381 0.004486 0.005239 0.004235 0.006447 0.005493 0.006529 0.005569 0.005702 0.005794 0.005416 0.004264 0.004400 0.004130 0.004438 0.002756 0.003399 0.003664 0.005910 0.003558 0.003854 0.002401 0.004657 0.002243 0.003042 0.003572 0.003157 0.001823
0.014746 0.016757 0.012791 0.014526 0.015716 0.013441 0.015993 0.015269 0.017876 0.017074 0.019959 0.018338 0.019610 0.021597 0.025220 0.026778 0.030720 0.032729 0.029197 0.034357 0.038199 0.039938 0.039971 0.042267 0.047089 0.054412 0.058594 0.068234 0.096982 0.171714 0.329909 1.000000 0.237376 0.102766 0.079392 0.056927 0.047017 0.041860 0.041029 0.031945 0.027052 0.020040 0.016681 0.014629 0.014791 0.017532 0.015359 0.008923 0.006434 0.006762 0.007371 0.008697 0.006578 0.008301 0.008147 0.006914 0.008793 0.008386 0.007084 0.006712 0.004801 0.005445 0.006954 0.006636 0.006652 0.006835 0.005292 0.004547 0.006924 0.005781 0.005128 0.006136 0.007557 0.007168 0.005481 0.007673 0.006034 0.006446 0.007165 0.005642 0.004842 0.004457 0.005717 0.005361 0.004112 0.003918 0.003794 0.003569 0.003850 0.003492 0.004440 0.004559 0.003967 0.004685 0.003740 0.003660 0.003027
0.012204 0.014329 0.015453 0.015107 0.013991 0.013439 0.014096 0.014610 0.016147 0.020519 0.017493 0.018088 0.016895 0.024672 0.023033 0.024529 0.028600 0.032507 0.035406 0.032014 0.032968 0.031879 0.040351 0.035292 0.038136 0.043827 0.045515 0.057523 0.070064 0.092097 0.113579 0.237376 1.000000 0.284767 0.123668 0.077139 0.057574 0.046693 0.041487 0.034111 0.030944 0.027281 0.023085 0.017118 0.017315 0.024730 0.012797 0.010132 0.007018 0.009804 0.007225 0.009538 0.008470 0.007581 0.007776 0.008750 0.008824 0.008681 0.008468 0.005846 0.006829 0.004537 0.006393 0.007939 0.006493 0.005432 0.009337 0.005892 0.006226 0.004722 0.006933 0.008307 0.007362 0.007225 0.007691 0.006216 0.005934 0.007063 0.006941 0.005587 0.004978 0.005571 0.004330 0.004322 0.002610 0.002487 0.004039 0.002864 0.003282 0.005333 0.002718 0.003717 0.001935 0.003521 0.002996 0.003812 0.002904
0.011360 0.016375 0.015070 0.014842 0.016663 0.014662 0.015730 0.017189 0.017342 0.017778 0.015887 0.016125 0.019043 0.022712 0.021156 0.025591 0.025336 0.031023 0.033627 0.031551 0.034268 0.033972 0.031887 0.037738 0.041048 0.039568 0.041983 0.052475 0.054201 0.071690 0.082534 0.102766 0.284767 1.000000 0.320072 0.119976 0.072400 0.061530 0.052483 0.038968 0.035071 0.029700 0.019395 0.016697 0.018764 0.019182 0.016375 0.011118 0.006176 0.008093 0.010243 0.010709 0.008963 0.009070 0.007927 0.009553 0.008941 0.008755 0.008819 0.008326 0.007963 0.007918 0.007510 0.006547 0.006633 0.008092 0.007613 0.005726 0.006884 0.007404 0.006407 0.006605 0.006970 0.007047 0.006711 0.006389 0.007878 0.007743 0.006337 0.006878 0.006268 0.005599 0.005952 0.003636 0.004643 0.004341 0.004055 0.003312 0.004567 0.003298 0.003162 0.003905 0.004588 0.004110 0.003925 0.003821 0.003447
0.012813 0.013369 0.014727 0.014746 0.013481 0.015269 0.015240 0.014296 0.015430 0.014297 0.018937 0.017808 0.020046 0.019032 0.022537 0.024805 0.028035 0.031705 0.033619 0.031117 0.030083 0.034307 0.034580 0.033500 0.035834 0.040522 0.040944 0.046653 0.046277 0.054715 0.060960 0.079392 0.123668 0.320072 1.000000 0.265512 0.093793 0.077748 0.064047 0.046398 0.045525 0.030680 0.023231 0.019388 0.018796 0.022084 0.015916 0.013008 0.008837 0.009776 0.010689 0.008941 0.009213 0.009362 0.009985 0.009569 0.008044 0.009725 0.008725 0.006217 0.009777 0.008344 0.007627 0.008626 0.008124 0.008153 0.007013 0.007532 0.005571 0.006647 0.007405 0.007052 0.006934 0.006773 0.006308 0.006568 0.006981 0.006758 0.006211 0.006827 0.006348 0.005112 0.005785 0.005157 0.004282 0.003709 0.004399 0.003811 0.003738 0.004242 0.003152 0.005013 0.003366 0.003744 0.003503 0.004851 0.003374
0.011711 0.014508 0.010860 0.013120 0.013023 0.013042 0.013186 0.014114 0.017573 0.015374 0.016230 0.017559 0.017737 0.017722 0.019559 0.022467 0.027149 0.032379 0.033747 0.027226 0.026818 0.028675 0.030188 0.029709 0.031596 0.035240 0.031910 0.037278 0.040519 0.046238 0.053346 0.056927 0.077139 0.119976 0.265512 1.000000 0.273967 0.128438 0.089659 0.060885 0.047754 0.039403 0.033105 0.026289 0.024638 0.026619 0.021502 0.017465 0.010180 0.013886 0.013345 0.009861 0.009837 0.009741 0.009569 0.010495 0.010180 0.009844 0.008825 0.008094 0.010190 0.006020 0.009161 0.009391 0.007463 0.007701 0.006277 0.007684 0.008631 0.006857 0.007804 0.006918 0.006910 0.006855 0.007500 0.007578 0.007349 0.006279 0.006720 0.005294 0.004810 0.006095 0.006177 0.004680 0.004364 0.004158 0.003802 0.004349 0.003801 0.003088 0.003750 0.003706 0.002978 0.003900 0.002900 0.003156 0.004478
0.012173 0.009570 0.012101 0.012039 0.015814 0.011113 0.015005 0.015349 0.014136 0.015432 0.016443 0.015717 0.016245 0.020443 0.021051 0.023717 0.027984 0.028708 0.026221 0.029055 0.026707 0.026450 0.030128 0.031155 0.032346 0.033115 0.032361 0.035948 0.038190 0.041049 0.043452 0.047017 0.057574 0.072400 0.093793 0.273967 1.000000 0.320184 0.132943 0.060803 0.052564 0.042317 0.032620 0.024314 0.025213 0.025404 0.020549 0.015962 0.011327 0.010751 0.010134 0.010259 0.010566 0.009683 0.011708 0.008766 0.009452 0.008909 0.008741 0.011714 0.010035 0.007575 0.007739 0.008901 0.009307 0.006086 0.008199 0.006185 0.006727 0.006812 0.007645 0.008429 0.006858 0.005614 0.007866 0.008303 0.007486 0.007469 0.007974 0.005369 0.006306 0.005247 0.004858 0.004523 0.004685 0.002700 0.004691 0.004708 0.003886 0.004318 0.003832 0.003562 0.003984 0.003783 0.003122 0.003564 0.002348
0.011534 0.011285 0.013709 0.013520 0.013091 0.013328 0.015959 0.013618 0.015969 0.014576 0.013833 0.015398 0.019204 0.019674 0.019731 0.024532 0.028025 0.029363 0.027063 0.027587 0.026308 0.027177 0.030623 0.031904 0.031807 0.032360 0.035075 0.034441 0.036928 0.041044 0.041275 0.041860 0.046693 0.061530 0.077748 0.128438 0.320184 1.000000 0.285218 0.105522 0.067567 0.044147 0.033064 0.024631 0.027438 0.029690 0.023159 0.014630 0.010030 0.009143 0.013354 0.012682 0.011118 0.011871 0.010519 0.009494 0.011189 0.011339 0.009431 0.010010 0.010143 0.007146 0.009441 0.008337 0.008065 0.009200 0.007535 0.010018 0.007404 0.006743 0.006772 0.007801 0.006103 0.007432 0.007571 0.006993 0.009434 0.007957 0.005831 0.006510 0.006489 0.005250 0.003637 0.005220 0.005310 0.004408 0.003780 0.004742 0.003369 0.003734 0.004360 0.003309 0.003555 0.003376 0.003712 0.003402 0.003290
0.011030 0.012347 0.012950 0.010952 0.013180 0.012880 0.013925 0.012529 0.011787 0.014438 0.016606 0.015605 0.016075 0.018808 0.018759 0.020759 0.023139 0.030363 0.028262 0.026817 0.024729 0.022838 0.026999 0.028493 0.031334 0.025588 0.028434 0.032574 0.031958 0.039450 0.033660 0.041029 0.041487 0.052483 0.064047 0.089659 0.132943 0.285218 1.000000 0.239597 0.104654 0.062414 0.049645 0.039990 0.033142 0.034433 0.029544 0.021455 0.014213 0.014920 0.016956 0.013617 0.013552 0.011515 0.010886 0.011297 0.011001 0.011819 0.012424 0.010425 0.008669 0.008398 0.010014 0.011467 0.008569 0.008983 0.007879 0.008471 0.006989 0.007316 0.006796 0.007189 0.007614 0.009407 0.007803 0.008092 0.008169 0.007627 0.006564 0.006985 0.006453 0.005207 0.004834 0.004924 0.004646 0.004605 0.004101 0.005521 0.003824 0.005063 0.003182 0.004511 0.004316 0.003836 0.004027 0.003546 0.003918
0.011535 0.013168 0.013440 0.009981 0.011572 0.012403 0.013157 0.013336 0.013485 0.014832 0.017200 0.013427 0.010795 0.017434 0.018989 0.019351 0.021183 0.023314 0.020526 0.024899 0.023139 0.021857 0.025963 0.024809 0.023251 0.025308 0.027919 0.025185 0.024374 0.031944 0.025908 0.031945 0.034111 0.038968 0.046398 0.060885 0.060803 0.105522 0.239597 1.000000 0.218143 0.091903 0.060287 0.042542 0.041249 0.040546 0.032745 0.022631 0.015837 0.018181 0.016574 0.015391 0.011905 0.014195 0.010707 0.012544 0.007824 0.008938 0.011445 0.009110 0.009791 0.007528 0.008593 0.008808 0.007189 0.007397 0.007987 0.004246 0.005542 0.008424 0.006806 0.008143 0.007407 0.006929 0.007083 0.006082 0.005908 0.008555 0.007519 0.006620 0.004512 0.004437 0.005242 0.004590 0.004418 0.003467 0.003357 0.003684 0.004516 0.004119 0.005171 0.004377 0.003467 0.002560 0.002577 0.002935 0.003652
0.010206 0.012423 0.011237 0.010766 0.011739 0.012564 0.012732 0.011996 0.011970 0.012225 0.014133 0.013600 0.014783 0.015580 0.020054 0.019748 0.022850 0.025458 0.023118 0.019308 0.021807 0.020880 0.021910 0.021757 0.020798 0.020914 0.022220 0.024033 0.025327 0.030278 0.025575 0.027052 0.030944 0.035071 0.045525 0.047754 0.052564 0.067567 0.104654 0.218143 1.000000 0.344804 0.110651 0.072557 0.053595 0.053395 0.041056 0.028950 0.017966 0.021068 0.022776 0.016010 0.014741 0.014071 0.011716 0.011134 0.013075 0.011778 0.011195 0.009565 0.010961 0.009690 0.006101 0.005722 0.006218 0.006976 0.008392 0.006427 0.006192 0.007725 0.006858 0.006708 0.008769 0.008765 0.008651 0.010266 0.008180 0.008506 0.006890 0.006465 0.006085 0.005609 0.005856 0.005343 0.003470 0.004239 0.004022 0.003123 0.004638 0.004143 0.003294 0.003966 0.003429 0.003757 0.002941 0.003950 0.004501
0.008004 0.009236 0.008251 0.011727 0.013331 0.009676 0.010472 0.010406 0.008139 0.010742 0.010976 0.011421 0.009132 0.014497 0.014575 0.020299 0.019811 0.023322 0.019086 0.017393 0.015877 0.018589 0.017718 0.016184 0.018628 0.016467 0.018254 0.022888 0.023766 0.021512 0.021925 0.020040 0.027281 0.029700 0.030680 0.039403 0.042317 0.044147 0.062414 0.091903 0.344804 1.000000 0.321229 0.132686 0.082606 0.071210 0.056021 0.039062 0.031107 0.028629 0.025587 0.017059 0.014159 0.013883 0.013253 0.012990 0.010373 0.009604 0.007993 0.010418 0.010770 0.007851 0.007643 0.006818 0.008135 0.007565 0.006236 0.006900 0.007105 0.006400 0.006168 0.007683 0.008682 0.009509 0.008537 0.008832 0.008558 0.008765 0.005690 0.005659 0.004315 0.005152 0.004638 0.004331 0.005349 0.003228 0.003743 0.003130 0.003588 0.003180 0.003383 0.002561 0.003612 0.003012 0.003406 0.003472 0.003091
0.006276 0.006662 0.008078 0.007511 0.008777 0.011175 0.009002 0.008221 0.009115 0.009132 0.009324 0.009604 0.009726 0.011320 0.012794 0.015735 0.016045 0.018891 0.016223 0.012684 0.015221 0.012581 0.012680 0.013515 0.013988 0.012615 0.013101 0.016073 0.016226 0.015820 0.019038 0.016681 0.023085 0.019395 0.023231 0.033105 0.032620 0.033064 0.049645 0.060287 0.110651 0.321229 1.000000 0.336859 0.128325 0.094327 0.071002 0.060865 0.045112 0.042119 0.029116 0.022890 0.019719 0.013246 0.014037 0.010829 0.011406 0.009995 0.011079 0.009219 0.008200 0.007617 0.006210 0.006856 0.007111 0.006759 0.007764 0.006623 0.007379 0.005002 0.006775 0.007357 0.008142 0.010356 0.008301 0.008792 0.007781 0.008809 0.006234 0.004706 0.005534 0.004687 0.003490 0.003981 0.005259 0.003401 0.003033 0.003170 0.002491 0.003070 0.003390 0.003629 0.004176 0.003701 0.003311 0.002999 0.004224
0.005493 0.007296 0.006984 0.004773 0.008620 0.007964 0.005861 0.006324 0.006413 0.007875 0.009092 0.008788 0.007374 0.010535 0.010191 0.011969 0.014398 0.017561 0.014062 0.012341 0.012446 0.012400 0.012807 0.013346 0.009249 0.010988 0.011662 0.012024 0.013007 0.013200 0.011735 0.014629 0.017118 0.016697 0.019388 0.026289 0.024314 0.024631 0.039990 0.042542 0.072557 0.132686 0.336859 1.000000 0.333932 0.143939 0.103322 0.073616 0.057911 0.051665 0.036502 0.023762 0.019788 0.014579 0.016541 0.011062 0.010646 0.011689 0.009885 0.012518 0.010307 0.005856 0.006824 0.006081 0.006289 0.008212 0.007828 0.008581 0.006837 0.008026 0.007876 0.008565 0.008387 0.009370 0.010500 0.009522 0.009362 0.008590 0.005734 0.006440 0.004772 0.005049 0.004815 0.003834 0.004730 0.004198 0.003487 0.002537 0.003259 0.004686 0.003058 0.003530 0.003458 0.004012 0.003141 0.003633 0.005342
0.006607 0.007984 0.007110 0.006675 0.010257 0.010368 0.007431 0.007603 0.008158 0.007888 0.008768 0.007833 0.009024 0.008592 0.010052 0.010687 0.013750 0.015329 0.014462 0.011307 0.010080 0.012216 0.012091 0.011845 0.010904 0.011591 0.008291 0.013946 0.011973 0.014122 0.011161 0.014791 0.017315 0.018764 0.018796 0.024638 0.025213 0.027438 0.033142 0.041249 0.053595 0.082606 0.128325 0.333932 1.000000 0.344525 0.132961 0.084832 0.046595 0.048449 0.038343 0.027766 0.022152 0.018557 0.016129 0.017095 0.014757 0.012471 0.009244 0.013082 0.013055 0.007567 0.005712 0.007783 0.009327 0.008617 0.008898 0.010109 0.008482 0.007128 0.009404 0.010231 0.010414 0.011214 0.010445 0.010764 0.009143 0.009003 0.008733 0.006623 0.005104 0.006126 0.005051 0.005191 0.006063 0.004978 0.004217 0.004913 0.003754 0.002957 0.004145 0.003974 0.004609 0.003851 0.003906 0.003924 0.003758
