0.000000 0.156286 -0.005036 -0.006040 -0.002478 -0.000701 -0.000479 0.000476 0.005154 0.003995 0.001384 0.000753 -0.001032 0.001579 -0.001026 0.000560 0.001473 -0.000050 -0.000394 -0.000410 0.001020 0.001110 0.000076 0.000228 0.000949 0.000516 -0.000088 0.000956 0.000900 0.000013 -0.000588 0.000508 -0.000388 -0.000116 0.000241 -0.000514 0.000212 0.000263 -0.000389 0.000394 0.000510 -0.000162 -0.000410 -0.000308 -0.000045 -0.000117 -0.000025 -0.000093 -0.000353 -0.000133 -0.000117 0.000061 0.000116 -0.000015 -0.000007 0.000069 0.000126 -0.000034 -0.000115 -0.000093 0.000071 -0.000054 0.000168 0.000022 -0.000009 -0.000067 -0.000014 -0.000092 0.000042 0.000008 -0.000011 0.000044 -0.000104 0.000058 -0.000162 0.000193 -0.000012 0.000052 0.000092 -0.000001 0.000000 0.000053 0.000022 -0.000001 -0.000003 -0.000028 -0.000002 0.000079 -0.000083 0.000023 -0.000017 0.000034 0.000020 0.000000 -0.000017 0.000002 0.000152
0.156286 0.000000 0.314676 -0.006068 -0.005682 -0.005954 -0.002165 0.001590 0.003942 0.002559 -0.000462 0.003391 0.000630 0.002128 0.002029 0.000801 -0.000048 0.000178 -0.000708 -0.000534 0.000379 0.000663 -0.000172 0.000830 0.000545 -0.000055 -0.000124 -0.000043 0.000702 0.000552 -0.000676 0.000788 0.000369 0.000581 -0.000279 0.000297 -0.000555 -0.000399 0.000110 0.000416 0.000251 0.000006 -0.000494 0.000056 0.000161 0.000001 -0.000171 -0.000388 -0.000370 -0.000399 0.000034 -0.000031 0.000133 0.000130 0.000099 -0.000031 0.000129 -0.000082 -0.000061 -0.000129 0.000001 -0.000024 0.000052 0.000072 0.000091 0.000082 0.000126 -0.000007 -0.000072 -0.000001 0.000047 0.000019 -0.000035 -0.000202 -0.000037 0.000033 0.000093 0.000016 0.000106 0.000124 0.000002 0.000027 0.000133 0.000172 0.000034 -0.000003 0.000044 0.000106 0.000063 0.000080 -0.000001 0.000000 0.000000 0.000045 -0.000049 0.000048 0.000133
-0.005036 0.314676 0.000000 0.242944 -0.004448 -0.003986 -0.000785 -0.000917 0.001020 0.002346 -0.001951 0.001895 0.002137 -0.001101 -0.000469 -0.001852 -0.000600 -0.001294 0.000139 -0.000641 -0.000472 -0.000192 -0.000543 0.000031 0.000130 -0.000340 -0.000311 0.000048 0.000342 -0.000046 0.000012 -0.000535 0.000485 0.000649 0.000541 -0.000219 -0.000612 0.000281 0.000200 0.000132 0.000140 -0.000181 0.000015 -0.000333 0.000045 0.000183 0.000041 -0.000089 -0.000443 -0.000265 -0.000051 0.000113 -0.000048 -0.000073 0.000057 0.000090 0.000111 0.000011 -0.000072 -0.000078 -0.000102 -0.000029 0.000006 -0.000004 -0.000000 0.000011 0.000093 0.000087 0.000080 0.000030 0.000063 -0.000017 -0.000001 0.000042 -0.000029 -0.000050 0.000144 0.000117 0.000000 0.000191 0.000078 0.000055 0.000109 0.000000 -0.000007 -0.000013 0.000086 0.000105 0.000049 0.000089 -0.000011 0.000000 0.000018 0.000025 -0.000076 0.000020 0.000089
-0.006040 -0.006068 0.242944 0.000000 0.287716 -0.005086 -0.005389 -0.000969 -0.000772 0.001327 0.000174 -0.002142 -0.001442 -0.000027 -0.000628 -0.000928 -0.000355 -0.000808 -0.001051 -0.001183 0.000599 0.000391 0.000013 0.000710 -0.000196 0.000611 0.000367 0.000521 -0.000344 -0.000397 -0.000196 -0.000119 0.000336 0.000366 0.000012 -0.000377 -0.000355 0.000104 -0.000192 -0.000284 0.000179 0.000256 -0.000293 -0.000633 -0.000125 0.000092 0.000180 -0.000042 -0.000426 -0.000015 -0.000000 0.000051 -0.000020 -0.000099 0.000106 -0.000026 0.000009 -0.000053 0.000027 -0.000134 0.000021 -0.000049 0.000098 -0.000009 -0.000055 0.000022 0.000087 -0.000028 0.000040 0.000016 0.000034 0.000030 0.000000 -0.000071 -0.000002 0.000007 -0.000016 0.000016 0.000026 -0.000060 0.000090 -0.000003 -0.000073 0.000000 -0.000023 -0.000019 0.000030 0.000050 -0.000077 0.000018 0.000049 0.000098 0.000040 0.000057 0.000016 0.000099 0.000008
-0.002478 -0.005682 -0.004448 0.287716 0.000000 0.209103 -0.005557 -0.004036 -0.005698 -0.004994 -0.002507 0.001538 0.002630 0.002276 0.003971 0.002324 0.002996 0.001159 -0.000540 -0.000377 0.000981 0.000363 0.000857 0.000671 -0.000133 0.000628 0.000140 -0.000055 0.000168 0.000379 -0.000093 0.001128 -0.000061 0.000879 -0.000297 -0.000001 0.000381 0.000143 0.000202 0.000090 0.000474 0.000315 0.000154 0.000167 0.000294 0.000361 0.000159 0.000106 -0.000160 -0.000098 -0.000109 0.000006 0.000021 0.000051 0.000156 0.000000 0.000043 0.000022 0.000013 -0.000039 -0.000116 -0.000018 -0.000016 0.000075 -0.000073 -0.000081 -0.000008 0.000116 0.000009 -0.000035 -0.000005 0.000007 0.000018 0.000033 0.000003 0.000115 0.000049 0.000183 0.000100 0.000093 0.000081 -0.000004 0.000061 -0.000014 -0.000027 -0.000009 -0.000034 -0.000006 0.000037 0.000019 0.000002 0.000012 -0.000006 0.000000 -0.000016 -0.000011 0.000067
-0.000701 -0.005954 -0.003986 -0.005086 0.209103 0.000000 0.311754 -0.005961 -0.006684 -0.003171 -0.001340 -0.001844 -0.001483 0.001175 0.002422 -0.000678 0.002315 0.001365 0.000106 -0.000591 -0.000159 0.000393 0.000287 -0.000387 -0.000568 -0.000733 -0.000292 0.000446 0.000128 0.000331 -0.000904 -0.000536 -0.000220 -0.000038 0.000201 -0.000244 -0.000350 -0.000011 0.000242 0.000559 0.000653 0.000014 0.000150 0.000062 0.000200 0.000155 0.000247 0.000039 0.000000 -0.000177 -0.000161 -0.000040 -0.000065 0.000050 -0.000066 -0.000011 -0.000015 -0.000067 -0.000061 0.000049 -0.000042 0.000026 -0.000117 0.000028 0.000041 0.000031 0.000012 0.000006 0.000015 -0.000049 0.000040 -0.000023 -0.000016 -0.000048 -0.000226 -0.000037 -0.000021 0.000008 -0.000042 0.000107 0.000124 -0.000009 0.000001 0.000053 0.000013 -0.000027 0.000000 0.000050 0.000015 0.000061 0.000038 -0.000004 -0.000048 0.000014 0.000000 0.000005 0.000247
-0.000479 -0.002165 -0.000785 -0.005389 -0.005557 0.311754 0.000000 0.272110 -0.004296 -0.004821 -0.005258 0.001056 0.000360 0.000919 0.001532 -0.001179 0.001018 0.000824 -0.000725 0.000344 -0.000309 0.000538 -0.001234 -0.000930 -0.001075 -0.001286 -0.000986 0.000277 -0.001129 -0.000481 -0.000229 0.000089 -0.000363 0.000435 0.000285 -0.000433 0.000277 0.000278 0.000426 0.000114 0.000194 0.000239 0.000212 -0.000227 -0.000095 0.000329 0.000129 -0.000153 -0.000262 -0.000035 -0.000034 -0.000097 -0.000135 0.000002 -0.000033 -0.000024 0.000027 -0.000061 -0.000043 0.000012 -0.000139 -0.000049 0.000009 0.000037 0.000001 0.000072 0.000033 -0.000034 -0.000026 0.000011 -0.000071 -0.000037 -0.000088 0.000073 -0.000104 -0.000029 -0.000013 -0.000049 0.000042 0.000000 -0.000009 0.000025 0.000025 -0.000111 0.000019 0.000004 -0.000054 -0.000024 -0.000010 -0.000032 0.000000 0.000007 0.000032 -0.000024 -0.000087 -0.000007 0.000004
0.000476 0.001590 -0.000917 -0.000969 -0.004036 -0.005961 0.272110 0.000000 0.308189 -0.005650 -0.005934 0.000398 -0.003144 0.000822 0.002353 0.000635 -0.000296 0.000432 -0.000165 0.000601 0.000660 0.000383 -0.000737 -0.000265 0.000247 -0.000683 0.000340 0.000237 0.000350 -0.000353 -0.001089 -0.000148 -0.000500 0.000580 -0.000171 -0.000410 0.000191 -0.000059 0.000105 0.000082 0.000308 0.000318 -0.000296 -0.000499 0.000030 0.000256 -0.000096 -0.000141 -0.000506 -0.000182 0.000000 0.000029 -0.000099 -0.000021 0.000083 0.000032 -0.000118 0.000005 -0.000174 -0.000188 0.000040 0.000059 0.000058 -0.000001 0.000122 -0.000002 0.000019 -0.000084 -0.000024 -0.000002 0.000257 -0.000022 -0.000045 -0.000049 -0.000140 -0.000053 0.000032 -0.000004 -0.000007 0.000029 0.000021 0.000048 -0.000090 0.000028 0.000010 -0.000075 -0.000064 0.000016 0.000055 0.000111 -0.000015 0.000052 -0.000044 0.000017 -0.000113 -0.000011 -0.000003
0.005154 0.003942 0.001020 -0.000772 -0.005698 -0.006684 -0.004296 0.308189 0.000000 0.280278 -0.003083 -0.003539 -0.005104 0.000866 -0.000852 0.000827 0.001973 -0.000288 0.000779 0.000716 0.001103 0.000026 -0.000639 0.001519 -0.000591 0.000392 0.000175 0.000806 -0.000315 0.000425 -0.000477 0.000724 0.000027 0.000679 0.000043 0.000756 -0.000052 0.000357 -0.000291 0.000247 0.000300 -0.000260 0.000180 -0.000166 0.000159 0.000136 0.000002 -0.000263 -0.000181 -0.000160 -0.000224 -0.000057 -0.000046 0.000010 0.000051 0.000025 0.000002 -0.000077 -0.000068 -0.000107 0.000082 0.000090 0.000000 0.000006 0.000016 0.000016 -0.000082 0.000194 0.000001 -0.000027 -0.000033 0.000122 -0.000045 -0.000010 -0.000136 0.000014 0.000107 0.000036 0.000168 -0.000105 0.000046 0.000000 -0.000005 0.000002 0.000012 0.000053 0.000024 0.000023 0.000102 0.000025 0.000073 -0.000009 0.000047 -0.000003 0.000097 0.000024 -0.000085
0.003995 0.002559 0.002346 0.001327 -0.004994 -0.003171 -0.004821 -0.005650 0.280278 0.000000 0.210523 -0.004174 -0.004296 -0.001472 0.000009 -0.002369 0.002317 0.000269 -0.000897 0.000434 0.000692 -0.000641 -0.000985 0.000597 0.000393 0.000628 -0.000258 0.000613 -0.000587 -0.000319 -0.000722 0.000327 0.000665 0.000939 -0.000113 0.000177 0.000372 -0.000005 0.000211 0.000362 0.000106 0.000124 0.000001 -0.000500 0.000078 0.000104 -0.000371 -0.000108 -0.000461 -0.000102 -0.000054 0.000026 0.000013 0.000017 0.000000 -0.000025 0.000018 0.000103 0.000000 -0.000085 -0.000158 -0.000084 0.000037 0.000024 0.000056 -0.000000 0.000101 0.000030 -0.000011 -0.000010 0.000026 0.000057 -0.000038 0.000103 -0.000025 0.000024 0.000101 0.000082 0.000030 -0.000006 -0.000044 0.000039 0.000037 0.000033 0.000026 -0.000027 0.000001 -0.000057 0.000050 0.000062 -0.000093 0.000057 0.000021 0.000000 0.000030 0.000018 -0.000003
0.001384 -0.000462 -0.001951 0.000174 -0.002507 -0.001340 -0.005258 -0.005934 -0.003083 0.210523 0.000000 0.243326 -0.005004 -0.006117 -0.003410 -0.003472 0.001149 0.000387 0.000382 -0.000552 0.001529 -0.000488 0.000402 0.000838 -0.000543 0.000636 0.000302 -0.000737 -0.000721 -0.000202 -0.000965 0.000477 0.000612 -0.000165 0.000812 0.000245 0.000147 -0.000449 0.000279 0.000389 0.000324 -0.000052 -0.000361 0.000078 0.000146 0.000238 -0.000001 0.000044 -0.000209 -0.000100 0.000000 -0.000020 -0.000054 -0.000121 -0.000016 0.000044 0.000022 0.000057 0.000026 -0.000126 -0.000054 0.000030 0.000099 -0.000077 -0.000016 0.000016 0.000095 0.000070 -0.000025 -0.000008 -0.000064 0.000088 0.000021 0.000047 -0.000128 0.000027 -0.000006 -0.000042 0.000169 -0.000002 -0.000045 0.000074 0.000034 0.000036 -0.000040 0.000009 0.000000 0.000087 -0.000044 0.000038 -0.000068 -0.000002 0.000009 0.000006 -0.000073 0.000051 -0.000007
0.000753 0.003391 0.001895 -0.002142 0.001538 -0.001844 0.001056 0.000398 -0.003539 -0.004174 0.243326 0.000000 0.307339 -0.005609 -0.003839 -0.004921 0.000988 -0.001036 -0.000340 -0.001166 -0.000885 0.000702 -0.000627 0.000809 -0.000078 0.000600 0.000646 0.000864 0.000484 0.000733 -0.000561 0.000047 0.000026 -0.000285 0.000093 0.000340 -0.000426 -0.000240 -0.000287 -0.000385 0.000638 -0.000143 -0.000412 0.000024 -0.000174 0.000195 0.000013 -0.000342 -0.000286 -0.000197 -0.000089 -0.000037 -0.000083 0.000028 0.000044 0.000108 -0.000014 0.000026 0.000052 -0.000091 -0.000132 -0.000117 -0.000105 0.000059 0.000094 0.000171 0.000046 0.000061 0.000021 -0.000113 0.000040 -0.000044 -0.000036 0.000059 -0.000095 -0.000084 0.000006 -0.000065 -0.000024 0.000041 0.000048 0.000000 0.000055 0.000000 -0.000021 -0.000055 0.000036 0.000021 -0.000054 0.000023 0.000077 -0.000005 0.000010 0.000000 -0.000014 0.000013 -0.000016
-0.001032 0.000630 0.002137 -0.001442 0.002630 -0.001483 0.000360 -0.003144 -0.005104 -0.004296 -0.005004 0.307339 0.000000 0.260737 -0.005093 -0.003988 -0.001737 -0.000189 -0.002476 0.000399 0.001824 0.000788 0.000588 0.001427 0.000898 0.001157 -0.000234 0.000493 0.000795 -0.000735 0.000330 0.000775 -0.000343 0.000063 0.000521 -0.000117 -0.000903 0.000405 -0.000521 -0.000587 0.000386 -0.000265 -0.000597 -0.000305 0.000056 0.000314 -0.000006 -0.000083 -0.000239 -0.000190 -0.000179 -0.000078 0.000013 0.000001 -0.000089 -0.000040 0.000049 0.000014 -0.000110 -0.000113 -0.000052 0.000019 -0.000018 -0.000002 0.000080 -0.000043 0.000139 0.000047 0.000064 0.000006 0.000153 0.000090 0.000043 0.000047 0.000027 -0.000080 0.000120 0.000041 0.000063 0.000030 0.000048 0.000051 0.000015 -0.000079 -0.000069 0.000045 0.000010 0.000007 0.000069 0.000033 0.000032 0.000012 -0.000007 0.000005 -0.000097 0.000031 0.000034
0.001579 0.002128 -0.001101 -0.000027 0.002276 0.001175 0.000919 0.000822 0.000866 -0.001472 -0.006117 -0.005609 0.260737 0.000000 0.234384 -0.004887 -0.004546 -0.004240 -0.000246 -0.000371 -0.000516 -0.000072 -0.000714 0.000715 -0.000054 0.001496 -0.000488 -0.000304 0.000635 0.000236 -0.000057 0.000812 0.000733 0.000684 -0.000180 -0.000321 0.000379 0.000625 0.000636 0.000283 0.000310 0.000442 -0.000031 0.000133 -0.000235 0.000546 0.000156 0.000051 -0.000334 -0.000313 0.000000 -0.000010 -0.000116 -0.000137 0.000018 0.000016 -0.000121 0.000030 0.000085 -0.000088 -0.000063 0.000003 0.000060 0.000010 -0.000002 -0.000094 0.000004 0.000019 -0.000166 0.000119 -0.000079 -0.000033 0.000042 -0.000050 0.000085 -0.000043 0.000074 -0.000057 0.000011 -0.000073 0.000000 0.000011 -0.000020 0.000006 0.000001 -0.000110 -0.000004 0.000061 -0.000039 -0.000013 0.000034 0.000009 0.000001 -0.000048 0.000097 -0.000021 0.000050
-0.001026 0.002029 -0.000469 -0.000628 0.003971 0.002422 0.001532 0.002353 -0.000852 0.000009 -0.003410 -0.003839 -0.005093 0.234384 0.000000 0.295782 -0.004849 -0.005669 -0.000595 -0.002295 0.000788 -0.001473 -0.000162 0.000974 0.000087 0.000629 -0.000475 -0.000224 -0.001318 -0.000695 -0.001378 0.000611 0.000245 -0.001360 0.000064 -0.000842 -0.000253 -0.000811 -0.000734 -0.000094 0.001104 -0.000046 0.000442 -0.000068 0.000008 0.000620 0.000207 -0.000072 -0.000485 -0.000076 -0.000102 -0.000103 0.000113 0.000057 -0.000125 -0.000152 0.000153 -0.000126 -0.000041 -0.000235 0.000061 -0.000054 -0.000087 -0.000078 0.000056 -0.000045 -0.000151 0.000010 0.000007 -0.000087 -0.000092 0.000116 0.000003 -0.000016 0.000018 -0.000083 0.000009 -0.000004 0.000057 -0.000016 0.000155 0.000007 -0.000022 -0.000046 0.000055 -0.000069 0.000027 0.000090 0.000000 0.000028 -0.000005 0.000091 -0.000063 -0.000028 -0.000025 -0.000009 -0.000049
0.000560 0.000801 -0.001852 -0.000928 0.002324 -0.000678 -0.001179 0.000635 0.000827 -0.002369 -0.003472 -0.004921 -0.003988 -0.004887 0.295782 0.000000 0.223081 -0.005479 -0.005082 -0.000304 0.000624 -0.000728 -0.001345 0.001170 0.001360 -0.000767 0.001498 0.000661 0.000710 0.001468 -0.001532 0.001315 -0.000828 0.000472 -0.000124 -0.000813 0.000447 0.000522 -0.000802 -0.000271 0.001150 0.000829 0.000783 0.000037 0.000210 0.000595 0.000375 0.000064 -0.000097 -0.000176 -0.000184 0.000004 -0.000146 0.000249 0.000139 -0.000035 0.000066 0.000046 0.000034 -0.000220 0.000011 -0.000214 0.000005 0.000045 -0.000091 0.000043 -0.000136 -0.000025 -0.000011 0.000002 -0.000049 -0.000013 0.000046 0.000060 -0.000019 -0.000074 0.000000 0.000068 -0.000009 0.000059 0.000029 0.000004 0.000164 -0.000012 -0.000008 0.000005 0.000057 0.000010 -0.000026 -0.000031 0.000011 0.000007 0.000001 -0.000079 -0.000010 -0.000049 -0.000058
0.001473 -0.000048 -0.000600 -0.000355 0.002996 0.002315 0.001018 -0.000296 0.001973 0.002317 0.001149 0.000988 -0.001737 -0.004546 -0.004849 0.223081 0.000000 0.218746 -0.004676 -0.004867 -0.000276 -0.004393 -0.001961 -0.001597 -0.002297 0.000287 -0.002028 0.001764 0.001853 0.002102 -0.001197 0.002038 -0.000353 -0.001449 -0.000982 -0.000069 0.000755 0.000780 -0.000796 -0.000600 0.001178 0.000987 0.000853 0.000483 0.001093 0.000780 0.000436 -0.000039 -0.000836 -0.000400 -0.000081 -0.000048 -0.000018 -0.000065 -0.000038 0.000036 -0.000059 0.000070 -0.000085 -0.000175 -0.000128 -0.000068 0.000051 -0.000018 -0.000006 0.000151 0.000085 -0.000186 -0.000071 -0.000048 0.000002 0.000000 -0.000062 0.000005 0.000027 0.000082 0.000064 0.000155 0.000048 -0.000023 -0.000011 0.000020 -0.000031 0.000064 0.000037 -0.000049 -0.000046 0.000080 0.000004 0.000031 0.000033 -0.000017 0.000008 -0.000051 0.000068 -0.000029 0.000007
-0.000050 0.000178 -0.001294 -0.000808 0.001159 0.001365 0.000824 0.000432 -0.000288 0.000269 0.000387 -0.001036 -0.000189 -0.004240 -0.005669 -0.005479 0.218746 0.000000 0.216654 -0.006915 -0.005391 -0.004636 -0.001790 0.000668 -0.000380 -0.000049 -0.001933 -0.000938 0.001930 0.002491 -0.001771 0.001344 0.000994 0.000175 0.000712 0.003730 0.000416 0.000766 0.003016 0.000220 0.002185 0.003251 0.001138 0.001097 0.001228 0.001948 0.000666 0.000199 0.000073 0.000144 0.000004 -0.000083 -0.000012 0.000276 0.000235 -0.000006 -0.000028 0.000049 0.000000 0.000029 -0.000068 -0.000111 0.000140 0.000000 0.000124 -0.000130 0.000153 -0.000002 0.000017 0.000121 -0.000091 -0.000082 0.000081 -0.000008 -0.000080 0.000086 0.000055 0.000116 0.000170 -0.000021 -0.000006 0.000003 0.000044 0.000120 0.000042 0.000040 0.000022 0.000060 0.000017 0.000006 0.000034 0.000043 -0.000091 -0.000083 -0.000002 0.000016 0.000064
-0.000394 -0.000708 0.000139 -0.001051 -0.000540 0.000106 -0.000725 -0.000165 0.000779 -0.000897 0.000382 -0.000340 -0.002476 -0.000246 -0.000595 -0.005082 -0.004676 0.216654 0.000000 0.338784 -0.005688 -0.004738 -0.001339 0.000082 -0.000827 0.000563 0.000362 0.000351 -0.002561 0.001644 -0.002468 -0.001061 0.000873 0.000994 0.001183 0.000847 -0.001552 -0.000751 0.000501 -0.001354 0.000897 0.001221 0.000569 0.000504 0.000167 0.000543 0.000195 -0.000258 -0.000656 -0.000601 -0.000154 -0.000206 0.000000 -0.000020 -0.000123 0.000086 -0.000164 -0.000302 0.000042 -0.000095 -0.000254 -0.000128 0.000085 0.000202 -0.000039 -0.000033 0.000077 -0.000006 -0.000026 -0.000172 0.000000 0.000013 0.000055 0.000146 -0.000171 -0.000045 -0.000042 0.000047 0.000128 -0.000050 -0.000019 0.000084 -0.000075 0.000000 0.000001 0.000000 -0.000006 -0.000109 -0.000012 0.000001 -0.000013 -0.000041 -0.000024 -0.000068 -0.000036 -0.000039 -0.000059
-0.000410 -0.000534 -0.000641 -0.001183 -0.000377 -0.000591 0.000344 0.000601 0.000716 0.000434 -0.000552 -0.001166 0.000399 -0.000371 -0.002295 -0.000304 -0.004867 -0.006915 0.338784 0.000000 0.316379 -0.005219 -0.004880 -0.001313 -0.003425 0.000232 0.000861 -0.000754 -0.002687 0.001032 -0.003689 0.001474 0.000542 -0.000379 0.000450 -0.002051 0.000346 0.000406 0.000557 0.000573 -0.000077 -0.000398 -0.000456 -0.000275 -0.000024 0.000473 0.000224 -0.000282 -0.000657 -0.000339 -0.000161 -0.000077 0.000131 -0.000129 0.000110 -0.000031 0.000236 -0.000245 -0.000105 -0.000212 -0.000071 0.000010 0.000027 0.000032 -0.000177 -0.000114 0.000016 -0.000144 -0.000144 -0.000011 -0.000048 0.000021 0.000023 0.000061 -0.000235 -0.000113 0.000050 -0.000033 0.000001 -0.000015 -0.000003 0.000002 0.000005 0.000000 -0.000040 0.000029 0.000027 0.000003 -0.000068 -0.000030 -0.000015 -0.000062 0.000009 0.000000 -0.000035 0.000000 -0.000036
0.001020 0.000379 -0.000472 0.000599 0.000981 -0.000159 -0.000309 0.000660 0.001103 0.000692 0.001529 -0.000885 0.001824 -0.000516 0.000788 0.000624 -0.000276 -0.005391 -0.005688 0.316379 0.000000 0.294634 -0.003389 -0.002310 -0.002361 0.002345 0.003709 0.002898 0.003252 0.002040 -0.000457 0.002786 -0.000059 0.001506 -0.000202 -0.000991 -0.001135 -0.000660 -0.000961 -0.000503 0.001194 -0.000478 0.000301 -0.000146 -0.000253 0.000356 0.000276 -0.000233 -0.000773 -0.000370 -0.000061 -0.000071 0.000013 -0.000250 0.000068 -0.000013 -0.000044 -0.000013 0.000079 -0.000286 -0.000143 0.000061 -0.000022 0.000142 0.000035 -0.000096 0.000048 0.000012 0.000064 0.000060 -0.000059 -0.000064 0.000099 -0.000196 -0.000144 0.000046 -0.000063 -0.000087 0.000050 -0.000026 -0.000023 0.000127 0.000115 -0.000017 -0.000016 0.000026 0.000030 -0.000013 -0.000024 0.000007 0.000062 -0.000018 -0.000074 0.000071 0.000000 0.000096 -0.000058
0.001110 0.000663 -0.000192 0.000391 0.000363 0.000393 0.000538 0.000383 0.000026 -0.000641 -0.000488 0.000702 0.000788 -0.000072 -0.001473 -0.000728 -0.004393 -0.004636 -0.004738 -0.005219 0.294634 0.000000 0.265541 -0.004711 -0.004715 -0.002736 -0.003025 0.001143 0.001446 -0.000147 0.000416 0.003317 -0.001409 0.000786 0.001408 -0.000837 -0.001241 -0.001093 -0.001289 -0.001263 0.000686 0.000752 -0.001087 -0.000576 0.000426 0.000262 0.000343 -0.000180 -0.000622 -0.000449 -0.000064 -0.000046 -0.000181 0.000064 0.000107 0.000038 0.000029 -0.000082 -0.000028 -0.000077 0.000099 -0.000119 0.000000 0.000058 0.000026 0.000146 0.000122 0.000046 0.000051 0.000047 -0.000014 0.000073 -0.000028 -0.000055 0.000029 -0.000082 -0.000006 -0.000041 -0.000161 0.000029 -0.000059 -0.000001 -0.000009 0.000029 0.000026 -0.000002 -0.000000 0.000008 0.000014 -0.000006 0.000016 -0.000017 0.000002 0.000000 -0.000043 -0.000072 0.000037
0.000076 -0.000172 -0.000543 0.000013 0.000857 0.000287 -0.001234 -0.000737 -0.000639 -0.000985 0.000402 -0.000627 0.000588 -0.000714 -0.000162 -0.001345 -0.001961 -0.001790 -0.001339 -0.004880 -0.003389 0.265541 0.000000 0.245314 -0.005025 -0.004047 -0.000100 -0.001725 -0.000953 -0.000195 0.000541 0.001913 0.002780 -0.001147 0.002412 -0.000046 0.001115 0.001506 0.000110 0.000718 0.001294 0.000249 -0.000704 0.000115 0.000494 0.000812 0.000217 0.000014 -0.000428 -0.000434 -0.000226 -0.000123 0.000065 -0.000092 0.000038 -0.000023 0.000059 0.000174 0.000086 0.000053 0.000058 -0.000094 -0.000095 -0.000005 -0.000008 -0.000012 -0.000022 0.000112 0.000137 0.000113 0.000227 0.000174 0.000055 -0.000049 -0.000159 0.000065 -0.000016 0.000092 0.000332 0.000154 0.000089 0.000000 -0.000002 -0.000003 0.000037 -0.000057 0.000020 -0.000006 0.000028 0.000014 -0.000087 0.000098 0.000011 -0.000009 0.000005 0.000000 -0.000040
0.000228 0.000830 0.000031 0.000710 0.000671 -0.000387 -0.000930 -0.000265 0.001519 0.000597 0.000838 0.000809 0.001427 0.000715 0.000974 0.001170 -0.001597 0.000668 0.000082 -0.001313 -0.002310 -0.004711 0.245314 0.000000 0.322085 -0.004744 -0.006135 -0.005647 -0.001239 0.002670 -0.003285 0.000317 -0.001513 0.001412 -0.000167 -0.000968 0.001263 0.003235 0.001351 0.000673 0.001203 -0.000337 -0.000770 0.000293 -0.000162 0.000832 0.000401 0.000083 -0.000720 -0.000246 -0.000100 0.000076 -0.000137 0.000118 0.000164 0.000192 0.000236 0.000084 0.000085 0.000047 0.000152 0.000090 0.000123 -0.000062 0.000069 0.000155 0.000103 -0.000037 0.000011 0.000135 0.000083 0.000069 -0.000093 -0.000044 0.000039 0.000042 0.000087 -0.000000 0.000149 0.000089 0.000050 -0.000004 -0.000003 0.000021 0.000140 -0.000099 0.000076 0.000042 0.000092 0.000147 -0.000103 0.000000 0.000048 -0.000113 0.000019 -0.000015 -0.000011
0.000949 0.000545 0.000130 -0.000196 -0.000133 -0.000568 -0.001075 0.000247 -0.000591 0.000393 -0.000543 -0.000078 0.000898 -0.000054 0.000087 0.001360 -0.002297 -0.000380 -0.000827 -0.003425 -0.002361 -0.004715 -0.005025 0.322085 0.000000 0.228008 -0.005928 -0.005009 -0.004006 0.001664 -0.003958 0.002661 -0.001590 0.002334 0.000510 -0.000468 0.001003 0.002485 0.001394 -0.001717 0.000044 0.000532 -0.000664 -0.000988 -0.000347 0.000653 0.000258 -0.000073 -0.000781 -0.000504 -0.000126 -0.000132 -0.000007 0.000158 0.000146 0.000124 0.000074 -0.000027 0.000053 0.000039 -0.000015 0.000109 0.000143 0.000092 -0.000107 0.000072 0.000000 0.000049 -0.000103 0.000255 0.000129 0.000293 -0.000077 0.000099 0.000102 0.000123 0.000000 0.000039 0.000105 0.000117 0.000139 0.000043 0.000024 0.000073 0.000058 0.000021 0.000011 -0.000058 0.000045 0.000043 0.000068 -0.000042 0.000020 0.000021 -0.000010 0.000017 0.000040
0.000516 -0.000055 -0.000340 0.000611 0.000628 -0.000733 -0.001286 -0.000683 0.000392 0.000628 0.000636 0.000600 0.001157 0.001496 0.000629 -0.000767 0.000287 -0.000049 0.000563 0.000232 0.002345 -0.002736 -0.004047 -0.004744 0.228008 0.000000 0.276145 -0.005869 -0.004613 0.000317 -0.002042 0.001204 -0.000091 -0.000445 0.001321 0.000935 0.000962 0.001770 -0.001029 0.000559 -0.000443 -0.001165 -0.001472 -0.001933 -0.000308 0.000326 0.000239 -0.000189 -0.000399 -0.000577 -0.000058 -0.000072 -0.000010 0.000198 -0.000004 0.000072 -0.000063 0.000306 0.000086 -0.000199 -0.000015 -0.000028 0.000201 -0.000035 0.000110 0.000101 -0.000044 0.000129 -0.000061 0.000109 0.000025 0.000130 -0.000145 -0.000035 -0.000039 0.000067 -0.000030 -0.000039 0.000084 0.000226 0.000068 0.000130 0.000036 -0.000154 0.000002 -0.000049 0.000032 -0.000092 0.000084 0.000078 0.000094 -0.000023 0.000063 0.000008 -0.000006 -0.000084 0.000123
-0.000088 -0.000124 -0.000311 0.000367 0.000140 -0.000292 -0.000986 0.000340 0.000175 -0.000258 0.000302 0.000646 -0.000234 -0.000488 -0.000475 0.001498 -0.002028 -0.001933 0.000362 0.000861 0.003709 -0.003025 -0.000100 -0.006135 -0.005928 0.276145 0.000000 0.300955 -0.004927 -0.003118 -0.004151 -0.000821 -0.003360 -0.000105 0.001396 -0.001822 -0.000258 0.002509 0.000276 0.000660 0.000657 0.000164 -0.000965 -0.001134 -0.000634 0.000253 0.000207 -0.000139 -0.000774 -0.000480 -0.000148 -0.000059 0.000177 0.000111 0.000117 0.000049 0.000046 0.000070 0.000183 -0.000156 0.000145 -0.000042 -0.000001 0.000059 0.000000 0.000030 0.000159 0.000078 0.000087 0.000068 0.000059 -0.000075 -0.000008 -0.000073 -0.000013 0.000180 0.000251 0.000077 0.000132 0.000049 0.000090 0.000090 0.000012 -0.000007 0.000015 -0.000026 -0.000004 0.000051 0.000043 0.000022 -0.000006 -0.000043 -0.000050 0.000077 -0.000006 -0.000046 0.000096
0.000956 -0.000043 0.000048 0.000521 -0.000055 0.000446 0.000277 0.000237 0.000806 0.000613 -0.000737 0.000864 0.000493 -0.000304 -0.000224 0.000661 0.001764 -0.000938 0.000351 -0.000754 0.002898 0.001143 -0.001725 -0.005647 -0.005009 -0.005869 0.300955 0.000000 0.251172 -0.000781 -0.006111 -0.003992 -0.000161 0.002443 0.001169 -0.000387 0.001475 0.001658 0.001680 -0.000336 0.001511 0.000558 0.000057 -0.001138 0.000249 0.000677 0.000216 -0.000196 -0.000726 -0.000330 -0.000495 -0.000116 -0.000040 0.000134 0.000002 -0.000073 0.000102 -0.000009 -0.000085 -0.000224 -0.000020 0.000019 -0.000016 0.000096 0.000113 0.000098 0.000029 0.000114 0.000041 -0.000068 0.000073 0.000143 -0.000037 0.000003 -0.000022 -0.000018 0.000011 0.000065 0.000036 0.000176 -0.000007 0.000059 0.000014 -0.000031 0.000035 -0.000018 -0.000007 0.000011 0.000049 -0.000095 0.000016 0.000000 0.000040 0.000007 -0.000031 -0.000031 -0.000004
0.000900 0.000702 0.000342 -0.000344 0.000168 0.000128 -0.001129 0.000350 -0.000315 -0.000587 -0.000721 0.000484 0.000795 0.000635 -0.001318 0.000710 0.001853 0.001930 -0.002561 -0.002687 0.003252 0.001446 -0.000953 -0.001239 -0.004006 -0.004613 -0.004927 0.251172 0.000000 0.269148 -0.005816 -0.006043 -0.002476 -0.003828 -0.002998 -0.001546 0.000618 0.002236 0.001177 -0.001762 0.001784 0.000796 -0.000015 -0.000898 -0.000223 0.000522 0.000265 -0.000145 -0.000811 -0.000503 -0.000217 -0.000188 -0.000027 0.000082 -0.000002 -0.000110 -0.000043 0.000096 0.000044 -0.000162 -0.000052 -0.000088 -0.000015 -0.000034 0.000145 -0.000038 -0.000018 -0.000001 0.000068 0.000068 -0.000032 0.000129 -0.000116 -0.000060 -0.000141 0.000061 0.000000 -0.000015 0.000143 0.000209 -0.000038 0.000046 0.000068 0.000086 0.000000 0.000021 0.000023 0.000066 0.000025 -0.000190 0.000065 0.000051 0.000007 -0.000032 -0.000007 0.000000 -0.000008
0.000013 0.000552 -0.000046 -0.000397 0.000379 0.000331 -0.000481 -0.000353 0.000425 -0.000319 -0.000202 0.000733 -0.000735 0.000236 -0.000695 0.001468 0.002102 0.002491 0.001644 0.001032 0.002040 -0.000147 -0.000195 0.002670 0.001664 0.000317 -0.003118 -0.000781 0.269148 0.000000 0.340432 -0.002833 -0.004009 0.000206 -0.001786 0.000182 0.000353 0.003728 0.002961 0.002023 0.002490 0.001345 -0.000535 -0.000520 0.000633 0.001396 0.000399 0.000050 -0.000817 -0.000127 -0.000000 0.000019 -0.000160 0.000121 0.000040 0.000097 0.000009 0.000026 0.000010 0.000009 -0.000159 0.000116 0.000050 0.000255 0.000047 0.000003 0.000028 -0.000011 0.000022 0.000041 0.000086 0.000067 -0.000027 -0.000043 -0.000204 0.000163 -0.000095 0.000018 -0.000017 0.000050 0.000029 0.000046 -0.000003 -0.000080 -0.000055 -0.000026 0.000037 -0.000023 0.000070 0.000021 0.000006 0.000018 0.000127 0.000190 -0.000010 0.000001 0.000002
-0.000588 -0.000676 0.000012 -0.000196 -0.000093 -0.000904 -0.000229 -0.001089 -0.000477 -0.000722 -0.000965 -0.000561 0.000330 -0.000057 -0.001378 -0.001532 -0.001197 -0.001771 -0.002468 -0.003689 -0.000457 0.000416 0.000541 -0.003285 -0.003958 -0.002042 -0.004151 -0.006111 -0.005816 0.340432 0.000000 0.295750 -0.005535 -0.002883 -0.004037 0.000163 -0.000433 0.001004 0.000004 -0.001655 0.001731 0.000811 0.000333 -0.001278 -0.000745 0.000280 0.000285 -0.000765 -0.001066 -0.000117 -0.000161 -0.000180 0.000050 0.000070 0.000034 0.000082 0.000052 0.000159 0.000072 -0.000228 -0.000117 -0.000166 0.000065 -0.000007 -0.000042 0.000074 0.000054 0.000045 0.000124 0.000149 -0.000134 -0.000036 -0.000098 -0.000015 -0.000187 -0.000017 -0.000034 0.000003 0.000063 -0.000013 -0.000251 -0.000023 -0.000073 0.000068 -0.000039 -0.000103 -0.000030 0.000007 -0.000007 0.000021 -0.000132 0.000089 -0.000009 -0.000035 0.000001 -0.000044 -0.000020
0.000508 0.000788 -0.000535 -0.000119 0.001128 -0.000536 0.000089 -0.000148 0.000724 0.000327 0.000477 0.000047 0.000775 0.000812 0.000611 0.001315 0.002038 0.001344 -0.001061 0.001474 0.002786 0.003317 0.001913 0.000317 0.002661 0.001204 -0.000821 -0.003992 -0.006043 -0.002833 0.295750 0.000000 0.203231 -0.004842 -0.003550 -0.003031 -0.001177 -0.001553 0.002194 0.001069 0.001178 -0.000506 -0.001263 -0.000530 0.000328 0.001724 0.000623 -0.000195 -0.001074 -0.000439 -0.000297 0.000030 -0.000007 0.000020 0.000004 -0.000063 0.000156 0.000075 -0.000039 -0.000044 -0.000205 -0.000108 0.000051 0.000099 0.000102 0.000009 -0.000005 -0.000026 0.000077 -0.000026 -0.000074 -0.000040 0.000121 0.000065 -0.000129 0.000134 -0.000108 -0.000048 0.000025 0.000102 -0.000027 -0.000078 0.000018 0.000015 0.000059 0.000037 0.000018 -0.000013 0.000046 -0.000005 0.000010 0.000027 0.000007 0.000087 0.000009 0.000000 0.000022
-0.000388 0.000369 0.000485 0.000336 -0.000061 -0.000220 -0.000363 -0.000500 0.000027 0.000665 0.000612 0.000026 -0.000343 0.000733 0.000245 -0.000828 -0.000353 0.000994 0.000873 0.000542 -0.000059 -0.001409 0.002780 -0.001513 -0.001590 -0.000091 -0.003360 -0.000161 -0.002476 -0.004009 -0.005535 0.203231 0.000000 0.246179 -0.006140 -0.004339 -0.004330 -0.003298 -0.002018 -0.001593 0.002257 0.001885 0.000595 0.000287 0.000634 0.002027 0.000592 -0.000053 -0.001191 -0.000091 -0.000188 0.000081 -0.000231 -0.000174 0.000170 0.000109 0.000184 0.000122 0.000092 -0.000173 0.000042 -0.000087 0.000000 0.000154 -0.000004 -0.000122 0.000048 -0.000046 -0.000021 -0.000058 0.000022 0.000044 0.000002 0.000032 0.000022 -0.000191 -0.000075 0.000032 0.000111 0.000092 -0.000116 0.000109 -0.000102 -0.000040 -0.000066 -0.000070 0.000183 -0.000004 -0.000093 0.000033 -0.000038 0.000012 -0.000031 0.000009 -0.000088 0.000063 -0.000113
-0.000116 0.000581 0.000649 0.000366 0.000879 -0.000038 0.000435 0.000580 0.000679 0.000939 -0.000165 -0.000285 0.000063 0.000684 -0.001360 0.000472 -0.001449 0.000175 0.000994 -0.000379 0.001506 0.000786 -0.001147 0.001412 0.002334 -0.000445 -0.000105 0.002443 -0.003828 0.000206 -0.002883 -0.004842 0.246179 0.000000 0.295099 -0.005147 -0.005316 -0.005526 -0.001265 -0.003078 0.001631 0.000978 -0.000967 -0.001066 0.000882 0.002086 0.001050 0.000067 -0.000900 -0.000551 -0.000110 0.000417 -0.000099 0.000136 -0.000051 0.000011 0.000085 0.000076 0.000065 0.000061 0.000054 0.000254 0.000094 0.000013 -0.000037 0.000213 0.000247 -0.000047 0.000006 0.000019 -0.000014 -0.000028 0.000123 -0.000058 -0.000269 -0.000213 0.000070 0.000221 0.000001 0.000054 0.000162 0.000064 0.000079 -0.000043 0.000072 0.000000 0.000043 -0.000116 0.000037 -0.000082 -0.000019 0.000006 0.000023 0.000000 0.000006 0.000125 -0.000002
0.000241 -0.000279 0.000541 0.000012 -0.000297 0.000201 0.000285 -0.000171 0.000043 -0.000113 0.000812 0.000093 0.000521 -0.000180 0.000064 -0.000124 -0.000982 0.000712 0.001183 0.000450 -0.000202 0.001408 0.002412 -0.000167 0.000510 0.001321 0.001396 0.001169 -0.002998 -0.001786 -0.004037 -0.003550 -0.006140 0.295099 0.000000 0.228776 -0.005760 -0.003767 -0.002797 -0.002690 0.003000 0.000156 -0.001073 -0.001461 -0.000258 0.001770 0.001011 0.000060 -0.001021 -0.000378 0.000117 -0.000134 -0.000088 -0.000027 0.000259 0.000395 0.000032 0.000253 0.000073 -0.000084 0.000177 0.000174 0.000152 0.000021 0.000085 0.000159 0.000123 0.000052 -0.000093 -0.000076 0.000025 -0.000001 -0.000041 -0.000069 -0.000105 -0.000193 0.000000 0.000138 -0.000015 0.000070 0.000069 0.000056 0.000020 0.000219 0.000010 -0.000050 -0.000051 -0.000059 -0.000009 -0.000027 -0.000071 0.000023 -0.000013 0.000000 -0.000022 0.000088 -0.000044
-0.000514 0.000297 -0.000219 -0.000377 -0.000001 -0.000244 -0.000433 -0.000410 0.000756 0.000177 0.000245 0.000340 -0.000117 -0.000321 -0.000842 -0.000813 -0.000069 0.003730 0.000847 -0.002051 -0.000991 -0.000837 -0.000046 -0.000968 -0.000468 0.000935 -0.001822 -0.000387 -0.001546 0.000182 0.000163 -0.003031 -0.004339 -0.005147 0.228776 0.000000 0.235881 -0.005660 -0.003183 -0.002801 0.001066 0.003745 0.001880 0.000732 0.001421 0.002938 0.002548 0.000467 -0.001013 -0.000071 0.000001 -0.000108 -0.000055 -0.000056 0.000018 0.000289 0.000139 0.000139 0.000307 -0.000240 0.000038 -0.000099 0.000178 0.000060 0.000092 0.000187 -0.000110 0.000298 0.000182 0.000058 0.000013 -0.000034 -0.000131 -0.000079 -0.000147 -0.000205 -0.000014 -0.000059 0.000111 -0.000027 -0.000089 0.000013 0.000052 0.000024 0.000062 -0.000008 -0.000149 0.000072 0.000031 -0.000094 0.000003 -0.000045 -0.000057 0.000019 -0.000060 -0.000024 0.000000
0.000212 -0.000555 -0.000612 -0.000355 0.000381 -0.000350 0.000277 0.000191 -0.000052 0.000372 0.000147 -0.000426 -0.000903 0.000379 -0.000253 0.000447 0.000755 0.000416 -0.001552 0.000346 -0.001135 -0.001241 0.001115 0.001263 0.001003 0.000962 -0.000258 0.001475 0.000618 0.000353 -0.000433 -0.001177 -0.004330 -0.005316 -0.005760 0.235881 0.000000 0.287788 -0.006329 -0.005690 -0.003700 -0.002018 -0.000785 -0.002258 0.000227 0.001879 0.001894 0.000260 -0.000719 -0.000496 -0.000330 -0.000162 0.000020 -0.000133 0.000320 0.000135 0.000104 -0.000033 0.000009 0.000193 0.000270 0.000071 0.000066 0.000271 0.000122 -0.000199 0.000057 -0.000018 -0.000097 -0.000008 0.000030 0.000011 -0.000115 -0.000154 -0.000042 0.000108 -0.000030 0.000072 0.000123 -0.000019 0.000055 -0.000149 -0.000025 -0.000031 0.000041 -0.000016 0.000004 0.000007 -0.000009 0.000018 0.000080 -0.000092 0.000014 0.000007 -0.000062 0.000026 -0.000166
0.000263 -0.000399 0.000281 0.000104 0.000143 -0.000011 0.000278 -0.000059 0.000357 -0.000005 -0.000449 -0.000240 0.000405 0.000625 -0.000811 0.000522 0.000780 0.000766 -0.000751 0.000406 -0.000660 -0.001093 0.001506 0.003235 0.002485 0.001770 0.002509 0.001658 0.002236 0.003728 0.001004 -0.001553 -0.003298 -0.005526 -0.003767 -0.005660 0.287788 0.000000 0.252520 -0.005657 -0.004711 -0.005522 -0.002771 -0.003729 -0.001674 0.002925 0.002420 -0.000625 -0.001292 -0.000199 -0.000040 0.000051 -0.000267 0.000149 0.000105 -0.000083 0.000319 0.000131 0.000337 0.000227 0.000098 -0.000037 0.000142 0.000200 0.000134 0.000029 0.000098 0.000186 -0.000080 -0.000091 -0.000033 0.000277 -0.000145 -0.000192 -0.000055 0.000050 0.000132 0.000119 -0.000021 0.000026 0.000009 -0.000051 -0.000102 0.000005 0.000004 0.000026 0.000000 0.000033 -0.000081 -0.000150 0.000020 -0.000015 -0.000052 -0.000028 0.000001 -0.000053 -0.000076
-0.000389 0.000110 0.000200 -0.000192 0.000202 0.000242 0.000426 0.000105 -0.000291 0.000211 0.000279 -0.000287 -0.000521 0.000636 -0.000734 -0.000802 -0.000796 0.003016 0.000501 0.000557 -0.000961 -0.001289 0.000110 0.001351 0.001394 -0.001029 0.000276 0.001680 0.001177 0.002961 0.000004 0.002194 -0.002018 -0.001265 -0.002797 -0.003183 -0.006329 0.252520 0.000000 0.208344 -0.001236 -0.002933 0.000932 -0.000196 -0.000969 0.003067 0.004249 0.001307 -0.000792 0.000088 0.000229 0.000399 0.000290 0.000159 -0.000112 0.000296 0.000203 0.000315 0.000313 0.000153 0.000026 0.000189 0.000015 0.000322 0.000202 0.000210 0.000193 0.000125 -0.000139 -0.000026 -0.000002 -0.000003 0.000032 0.000135 -0.000051 -0.000035 0.000056 -0.000063 0.000029 0.000020 0.000104 -0.000019 -0.000037 -0.000052 -0.000132 -0.000053 -0.000034 0.000029 0.000052 0.000047 -0.000040 0.000039 0.000015 -0.000066 0.000010 -0.000007 0.000080
0.000394 0.000416 0.000132 -0.000284 0.000090 0.000559 0.000114 0.000082 0.000247 0.000362 0.000389 -0.000385 -0.000587 0.000283 -0.000094 -0.000271 -0.000600 0.000220 -0.001354 0.000573 -0.000503 -0.001263 0.000718 0.000673 -0.001717 0.000559 0.000660 -0.000336 -0.001762 0.002023 -0.001655 0.001069 -0.001593 -0.003078 -0.002690 -0.002801 -0.005690 -0.005657 0.208344 0.000000 0.193261 -0.005385 -0.005517 -0.005039 -0.003646 0.000294 0.002655 0.000573 -0.001340 -0.000053 0.000085 0.000108 -0.000204 0.000080 -0.000052 0.000200 -0.000060 -0.000129 0.000028 0.000012 0.000073 -0.000127 0.000118 0.000159 -0.000030 -0.000121 0.000048 -0.000131 -0.000074 0.000096 -0.000137 0.000091 -0.000084 -0.000148 -0.000232 -0.000120 -0.000147 0.000026 0.000037 0.000008 -0.000042 -0.000126 0.000053 -0.000132 -0.000065 -0.000072 -0.000019 -0.000131 0.000026 0.000070 0.000083 0.000017 -0.000035 -0.000017 -0.000022 -0.000156 0.000042
0.000510 0.000251 0.000140 0.000179 0.000474 0.000653 0.000194 0.000308 0.000300 0.000106 0.000324 0.000638 0.000386 0.000310 0.001104 0.001150 0.001178 0.002185 0.000897 -0.000077 0.001194 0.000686 0.001294 0.001203 0.000044 -0.000443 0.000657 0.001511 0.001784 0.002490 0.001731 0.001178 0.002257 0.001631 0.003000 0.001066 -0.003700 -0.004711 -0.001236 0.193261 0.000000 0.337503 -0.005659 -0.006162 -0.004796 -0.001180 0.000651 0.001003 -0.001716 -0.000003 0.000198 0.000040 0.000019 0.000102 -0.000113 -0.000053 0.000226 0.000162 0.000164 0.000039 0.000029 0.000000 -0.000141 -0.000213 -0.000055 -0.000210 0.000138 -0.000130 -0.000162 0.000020 -0.000184 -0.000123 0.000136 0.000080 -0.000087 0.000005 -0.000025 0.000036 -0.000101 0.000000 0.000012 0.000036 0.000013 0.000000 -0.000038 -0.000038 -0.000025 -0.000018 0.000080 0.000019 -0.000053 -0.000194 -0.000124 0.000018 -0.000132 0.000058 0.000013
-0.000162 0.000006 -0.000181 0.000256 0.000315 0.000014 0.000239 0.000318 -0.000260 0.000124 -0.000052 -0.000143 -0.000265 0.000442 -0.000046 0.000829 0.000987 0.003251 0.001221 -0.000398 -0.000478 0.000752 0.000249 -0.000337 0.000532 -0.001165 0.000164 0.000558 0.000796 0.001345 0.000811 -0.000506 0.001885 0.000978 0.000156 0.003745 -0.002018 -0.005522 -0.002933 -0.005385 0.337503 0.000000 0.318231 -0.005644 -0.004780 -0.002041 0.002145 0.002228 0.000116 0.000104 0.000336 -0.000199 -0.000288 0.000070 0.000138 -0.000022 -0.000203 -0.000214 -0.000189 -0.000086 0.000042 -0.000547 -0.000215 -0.000144 -0.000159 -0.000268 -0.000322 -0.000348 -0.000194 -0.000237 -0.000154 -0.000360 0.000101 0.000068 -0.000011 0.000077 -0.000038 0.000055 -0.000188 -0.000201 -0.000163 -0.000106 -0.000019 -0.000069 0.000000 -0.000121 -0.000160 -0.000017 -0.000031 -0.000015 -0.000130 -0.000040 -0.000092 -0.000128 -0.000158 -0.000153 -0.000196
-0.000410 -0.000494 0.000015 -0.000293 0.000154 0.000150 0.000212 -0.000296 0.000180 0.000001 -0.000361 -0.000412 -0.000597 -0.000031 0.000442 0.000783 0.000853 0.001138 0.000569 -0.000456 0.000301 -0.001087 -0.000704 -0.000770 -0.000664 -0.001472 -0.000965 0.000057 -0.000015 -0.000535 0.000333 -0.001263 0.000595 -0.000967 -0.001073 0.001880 -0.000785 -0.002771 0.000932 -0.005517 -0.005659 0.318231 0.000000 0.325425 -0.005373 -0.002784 0.000689 0.005389 0.000487 0.000764 0.000298 0.000383 0.000099 -0.000150 0.000031 -0.000315 -0.000059 -0.000234 0.000230 -0.000258 -0.000487 -0.000288 -0.000338 -0.000127 -0.000307 -0.000289 -0.000126 -0.000366 -0.000293 -0.000352 -0.000141 -0.000165 -0.000055 0.000152 -0.000201 0.000010 -0.000206 0.000096 -0.000276 -0.000178 -0.000243 -0.000325 -0.000199 -0.000035 0.000077 -0.000191 -0.000016 -0.000122 -0.000100 -0.000276 -0.000018 -0.000041 0.000000 -0.000196 -0.000075 -0.000024 0.000051
