297157.800000 63121.690000 13948.597000 8092.680000 5682.281700 5628.525000 5309.518600 4265.517000 4070.493000 3608.772000 3297.198200 2644.082800 2216.629200 2494.280500 1641.266100 1811.337300 1518.243500 1983.912000 1629.912400 1123.896900 1466.892600 1366.023700 1463.655000 1158.048200 1019.996000 1100.049600 1025.032100 1038.412000 1148.897700 1419.174300 1601.981200 1495.825900 1331.347200 1517.947400 1897.006800 1568.674600 1188.478100 1245.633300 1232.383200 1345.584600 1545.382100 1929.734700 1937.808100 1851.594200 1928.015500 1836.228900 1783.116300 1073.689700 988.909000 1040.795000 1016.016100 950.793500 1016.652950 1054.101300 1038.368700 1132.799300 1206.754900 1011.962000 1052.544100 997.006160 1012.023600 1120.013500 1114.327100 1210.173600 1634.200700 1694.324100 1683.403600 1757.817700 1742.430300 1627.315900 1550.740200 1594.872400 1611.041600 1468.298500 1710.291600 1569.451700 1366.640600 1367.914100 1300.452600 1291.449100 1309.522200 1407.142200 1330.552000 1229.260900 1237.091300 1137.937000 1095.954100 1164.988400 1115.515100 1095.132100 1053.007000 977.434450 811.977840 792.290950 1046.197800 974.118600 924.353760 882.791750 902.740230 961.403750
63121.690000 292466.900000 69730.860000 17731.389000 11253.942000 9514.010000 8018.893600 5809.497600 4798.228000 3979.634500 3792.116500 3036.289300 2725.469500 2709.065400 2074.994600 2042.067300 2033.574100 1967.542500 1839.733400 1410.864100 1582.946500 1395.743500 1427.693000 1151.663700 1161.205800 1079.023400 1098.106900 1013.407650 1140.716200 1432.222000 1573.987700 1447.028000 1426.134200 1663.859700 1698.158200 1618.116700 1462.939200 1320.885400 1332.481900 1497.825200 1555.759000 1732.990600 1725.112500 1727.606400 1826.118800 1612.384200 1733.950200 1194.836400 1094.455300 1054.990700 949.011900 1025.669400 1033.644500 1092.517800 1143.177700 1253.667500 1186.617100 1144.618400 1129.388100 1127.069600 1093.986100 1266.323400 1287.763100 1455.427500 1910.062500 1668.677900 1622.825900 1764.511200 1929.084400 1789.978000 1372.591800 1671.019400 1586.333000 1240.412100 1757.017500 1485.396000 1241.653200 1320.202100 1398.292400 1500.126600 1518.515600 1422.383400 1255.101600 1159.276600 1224.698500 1168.295800 1155.755000 1130.418200 1111.391600 1100.145300 1057.547200 989.916300 973.533450 942.014340 996.920650 1036.036600 1008.651300 1016.221000 938.592650 936.261800
13948.597000 69730.860000 298292.100000 90814.220000 29686.354000 13943.431000 8439.082000 5873.623000 5420.747000 4715.858400 3503.070000 2413.470500 1964.156200 2673.149000 1460.134800 1660.491800 1294.510900 1748.753900 1401.574300 894.195900 1184.135000 1125.641800 1168.341600 914.217800 893.350160 799.896000 848.571800 744.015140 847.589660 1301.608600 1610.048500 1270.982300 1084.172200 1402.170900 1975.068400 1355.019000 957.075100 979.217100 992.573670 977.987850 1142.365800 1784.732300 2190.442900 2459.762500 2665.635500 2435.948700 1644.246300 809.357900 827.202400 824.796300 788.488900 778.416800 857.371640 896.456900 927.157960 855.441830 917.824500 753.779000 862.221600 837.790100 829.011700 917.248000 887.122600 1068.949500 1556.727300 1940.990100 2541.777000 2778.556600 1939.104200 1821.060000 2121.359600 1892.882200 2002.032800 1814.285800 1847.331300 2042.732800 1765.553300 1713.813600 1501.899200 1199.638000 1255.541300 1529.518400 1527.061800 1547.598500 1295.783400 1132.182500 996.397000 1074.050900 1122.154800 1150.648600 885.373600 804.192440 697.294900 776.674800 1065.195800 961.194030 791.806200 868.451230 973.820740 1000.242200
8092.680000 17731.389000 90814.220000 324346.660000 78881.630000 19381.070000 9692.123000 6815.840300 6319.030300 5278.167500 3655.103300 2310.377700 1884.369900 2610.362800 1301.901400 1456.144500 1144.993000 1700.357000 1295.002400 754.681900 1134.174300 1006.541700 1141.656900 881.514100 766.357850 720.816400 829.348140 711.980470 749.751340 1248.149400 1443.115700 1204.183200 903.385100 1263.217300 1953.548800 1123.840600 764.738400 800.516540 768.349550 851.103300 1084.738900 1682.707300 2231.538300 2282.845500 2576.987000 2504.269300 1630.989300 781.729250 709.096860 748.769530 771.746150 747.286500 838.571500 873.954200 861.463260 895.461240 807.866800 768.290400 759.126160 736.438700 790.972900 877.505000 782.372860 994.655000 1424.248200 1937.288000 2630.751500 3374.646000 1943.711000 1848.558500 2210.029800 1799.630900 2056.027800 2083.190700 1861.137000 2047.231800 1830.563100 1652.424800 1392.592000 1018.086600 1093.401200 1444.655300 1619.909200 1571.227500 1278.571500 1131.860100 967.064200 1183.835600 1187.560200 1192.983200 837.951200 797.230650 629.343200 670.575740 1068.509600 970.553700 714.647800 782.877800 1061.994500 1033.332500
5682.281700 11253.942000 29686.354000 78881.630000 305013.560000 95865.650000 19170.875000 10311.944000 8557.063000 6231.733000 4231.070300 2562.353000 2058.985600 2950.897000 1472.156100 1620.065300 1372.136500 1889.907300 1339.529800 893.989260 1316.724100 1143.052100 1250.559300 899.141200 726.409240 721.445070 791.717800 731.525500 723.945740 1537.120700 1520.834200 1171.255600 879.554800 1238.051900 1878.013300 1137.159000 786.806200 840.176300 768.265100 844.013730 1097.561400 1691.105100 2017.555800 2025.860400 2325.673600 2449.293700 1563.012000 754.857800 691.079830 732.418640 840.298400 794.211300 853.943360 847.793760 892.426600 826.781500 847.354430 777.232700 792.193600 814.762400 826.989200 890.609800 833.737240 1101.228400 1421.304200 2009.284800 3056.873800 5589.730000 2052.266600 2073.459500 2581.872600 1931.212900 1853.493300 1911.668500 1627.611100 2033.033200 2023.397300 1485.356700 1190.157000 979.706000 1058.831000 1335.803300 1393.054200 1504.519900 1204.003500 1035.248400 917.753200 1143.420400 1155.690400 1067.757000 793.332600 815.666560 564.805660 650.453800 1086.077900 924.736600 685.149700 738.295170 975.157650 1098.865400
5628.525000 9514.010000 13943.431000 19381.070000 95865.650000 316083.880000 49052.770000 18995.223000 13685.723000 8612.963000 6132.618700 3797.373300 3037.069300 3765.413800 1804.522600 2154.838600 1569.301000 2241.105700 1733.060300 1108.503000 1476.992800 1336.496100 1410.358800 1074.760600 946.630700 915.241400 975.722960 830.849600 875.890800 1487.883900 1466.111200 1361.006300 1081.402200 1364.941400 1779.395000 1225.284400 798.838260 896.207340 932.503970 972.094800 1194.486900 1772.970300 2070.868700 2108.338900 2197.497800 2091.033200 1696.344600 951.006700 900.416440 878.849550 939.634460 920.810900 940.855400 1020.861000 1023.863340 1102.339100 1089.549700 1053.459000 958.431100 927.413270 982.951100 1074.914800 946.149900 1219.212800 1695.650500 2028.900400 2527.173800 3301.929200 2311.751500 2139.423600 2116.898700 2003.611000 1946.436300 1832.462600 2017.149800 2042.049700 1874.775900 1585.537500 1432.384800 1251.680400 1248.312400 1629.216700 1616.239900 1555.147500 1526.091600 1321.250000 1204.211500 1283.480600 1387.138900 1272.252300 1037.212400 988.239440 777.740700 807.934200 1165.187600 1022.917900 958.414500 1001.885300 1134.694700 1188.509000
5309.518600 8018.893600 8439.082000 9692.123000 19170.875000 49052.770000 286425.720000 87668.945000 30848.510000 13223.699000 9218.719000 6435.631000 4888.789000 4344.079000 2635.462600 2752.010000 2141.856200 2587.098900 2268.278800 1523.630700 1578.590000 1637.511100 1661.213700 1399.629900 1226.511200 1239.943100 1241.408900 1124.874400 1196.986100 1555.228000 1510.081900 1572.856300 1347.705900 1562.382300 1674.234600 1402.363300 1088.428700 1042.860800 990.611600 1214.763700 1222.024800 1663.239400 1811.010700 1703.591600 1967.461400 1835.685800 1779.903800 1194.770400 1066.934800 1068.450300 1089.682600 1089.737900 1159.114000 1224.305500 1361.977800 1318.769900 1297.023100 1178.737000 1168.214100 1189.677400 1186.028800 1237.168300 1272.662700 1434.513900 2015.641700 1930.455600 1933.101900 2316.174000 2400.261200 2384.992200 1668.690000 1806.822300 1741.147500 1475.095600 2166.226000 1787.053500 1617.384900 1545.955000 1615.792200 1446.128800 1351.600000 1615.633900 1597.736600 1421.880900 1575.984100 1467.503700 1438.988000 1511.245500 1490.202800 1374.842500 1289.372900 1152.257300 1015.562130 1012.268100 1162.994800 1289.762300 1306.489100 1282.027700 1306.177100 1301.769700
4265.517000 5809.497600 5873.623000 6815.840300 10311.944000 18995.223000 87668.945000 284073.220000 92984.660000 19680.533000 11231.217000 6709.276000 5009.216300 4674.992700 2570.612500 2627.932600 2070.937300 2587.816200 2233.567100 1484.574300 1642.236900 1512.546800 1538.617900 1276.910000 1169.944100 1123.947500 1174.160000 1054.085700 1150.856800 1573.656500 1468.406700 1464.530800 1207.520000 1519.456800 1712.959400 1316.470300 982.746700 936.925200 859.392200 1018.475400 1188.424900 1688.539900 1864.381600 1664.518000 1944.421600 1863.811800 1800.888300 1049.885600 976.728400 880.720700 990.662350 934.532530 1038.926000 1163.624600 1240.785400 1209.967300 1263.495000 1100.789100 1040.942900 1085.723100 1070.343000 1178.194700 1134.035800 1338.974900 1963.987900 1924.126700 1879.617700 2061.036400 2204.382800 2044.413600 1697.191200 1725.628900 1714.517700 1548.334700 2051.769300 1756.125500 1627.849400 1542.733000 1475.037500 1286.701800 1268.377000 1615.203900 1553.413000 1440.189200 1523.303200 1407.869000 1389.220200 1373.081800 1507.446200 1389.238500 1171.409700 1108.946000 945.380860 951.884000 1189.711400 1229.909300 1127.104200 1182.182600 1215.167600 1268.077500
4070.493000 4798.228000 5420.747000 6319.030300 8557.063000 13685.723000 30848.510000 92984.660000 295110.940000 60201.600000 20082.596000 8241.614000 5197.979500 5874.219700 2529.841600 2771.323000 1898.021700 2804.060300 2187.541700 1188.581000 1672.730800 1508.164100 1655.112500 1166.338300 1082.883000 969.525270 1073.106000 956.511350 924.975300 1511.768100 1544.913800 1480.168600 1099.047200 1459.993200 1963.752100 1212.013700 856.016000 789.441900 835.038270 1010.462650 1111.422900 1745.745200 2245.558600 2024.253300 2290.994100 2265.580800 1862.089700 927.728200 851.512700 813.771600 907.962400 889.127870 929.184100 982.863460 1101.943500 1125.267100 1081.570900 931.011170 952.635800 945.772160 930.336200 1087.713600 1036.105200 1203.814500 1792.804600 2110.453000 2382.302500 2438.360600 2186.058000 2032.605000 2069.886000 1930.131600 1964.897500 1786.506300 2105.911600 2028.719700 1766.325100 1689.548100 1627.868700 1211.035200 1252.868800 1792.916000 1874.599500 1732.129300 1563.500500 1480.636800 1359.951200 1538.270600 1620.049300 1600.050200 1110.154200 1085.410300 788.007570 874.578550 1395.163500 1249.221200 1073.429200 1132.841000 1389.489700 1467.161300
3608.772000 3979.634500 4715.858400 5278.167500 6231.733000 8612.963000 13223.699000 19680.533000 60201.600000 310442.000000 73920.880000 14189.416000 7977.209000 9282.790000 2967.033000 3354.434300 2359.280800 3617.239000 2482.565000 1362.687900 2037.138000 1755.306600 1951.752100 1355.234000 1193.210300 1088.756000 1075.608400 999.405000 907.281560 1676.597300 1837.608000 1610.516100 1090.462200 1535.154000 2273.880900 1346.683100 807.742430 858.774800 852.784100 1002.217160 1233.469700 2109.116200 2568.302500 2376.548000 2650.529800 2618.564000 2120.703000 894.049200 861.339200 948.504150 990.076840 941.735100 1064.029900 1076.080400 1082.418500 1071.864900 1063.030600 1008.129150 981.781600 931.807700 1000.443000 1109.371200 1077.782100 1339.245700 1858.390100 2487.076200 2733.188200 2615.090600 2127.962200 1922.719500 2318.463000 2026.269400 2145.296600 2037.719200 2063.158000 2133.542200 1871.571400 1880.932500 1652.322000 1195.930900 1276.909000 1752.669700 1919.776100 1869.578400 1673.289700 1482.812500 1225.038100 1581.384000 1614.132800 1601.640700 1078.440000 1097.622000 823.881960 895.790200 1446.188000 1374.496500 964.173160 1046.846800 1451.825900 1585.976400
3297.198200 3792.116500 3503.070000 3655.103300 4231.070300 6132.618700 9218.719000 11231.217000 20082.596000 73920.880000 289949.750000 63867.160000 24525.135000 17620.914000 5447.616000 5327.526000 3660.854700 4743.092000 3467.441200 1974.950400 2299.304000 2081.892300 2259.960400 1670.399500 1476.494000 1329.669100 1419.361600 1312.179200 1363.181400 1907.352900 1966.479500 1772.903700 1396.067300 1724.476800 2115.342300 1604.440600 1087.421300 1080.625600 1017.848800 1127.763800 1377.398300 1901.652700 2062.734400 2162.184000 2091.015400 1963.907600 2075.758300 1144.237700 1063.883900 1063.008000 1056.193200 1053.989100 1152.885600 1242.581200 1355.785200 1406.710200 1442.182900 1269.407100 1197.049900 1205.817000 1241.779500 1381.297200 1411.558200 1757.614400 2240.952600 2202.781200 2106.460400 2047.665600 2059.305200 1864.921900 1706.902300 1749.179700 1693.855800 1516.918200 1837.624800 1579.620000 1539.938600 1555.194600 1624.470000 1399.660200 1421.901100 1746.239600 1677.449800 1522.923600 1573.018400 1399.632000 1263.147500 1292.599600 1492.669000 1454.939200 1283.078700 1174.109600 936.740540 1004.818200 1370.429300 1329.550200 1167.708500 1242.119100 1283.437400 1333.516200
2644.082800 3036.289300 2413.470500 2310.377700 2562.353000 3797.373300 6435.631000 6709.276000 8241.614000 14189.416000 63867.160000 309976.840000 66951.180000 25821.883000 9868.509000 7896.643000 5888.763000 5524.826000 4783.229500 3461.918700 2884.561000 2781.836400 2616.574700 2506.767300 2367.304700 2174.233200 2083.335400 2059.616700 2167.338000 2164.440200 1748.152200 1975.373200 2004.309600 2052.139600 1739.711900 1711.981600 1543.832900 1539.559100 1401.090200 1628.916600 1536.006100 1541.874400 1278.311900 1185.542700 1324.396600 1300.032500 1718.696000 1697.873200 1628.511700 1457.223300 1391.611800 1418.764200 1523.346000 1562.857700 1837.574100 1978.296900 2049.505000 1755.727400 1752.606100 1641.251700 1766.729000 1811.321200 1849.581800 1988.594600 2018.244300 1604.682600 1199.709200 1232.448000 1671.981300 1653.976800 1023.277650 1249.731200 1064.486600 880.856260 1418.684400 1038.381000 1005.996640 1040.898200 1228.182900 1470.448200 1419.752900 1356.728500 1094.333700 936.014160 1170.517700 1203.664100 1281.559000 1083.330800 1184.121500 1199.010400 1377.386500 1343.073100 1304.770400 1231.202900 1009.488650 1161.878400 1450.787100 1245.273700 995.317400 937.013730
2216.629200 2725.469500 1964.156200 1884.369900 2058.985600 3037.069300 4888.789000 5009.216300 5197.979500 7977.209000 24525.135000 66951.180000 303298.470000 68641.940000 17333.785000 12200.058000 8934.088000 6903.406700 6058.209500 4428.116700 3552.708700 3286.879200 2837.601300 2762.108600 2752.098400 2508.967300 2358.766800 2375.911000 2381.254600 2260.543700 1700.393600 1917.991800 2209.604700 2091.460000 1543.298200 1946.316000 1903.629500 1635.966300 1559.117600 1792.600800 1791.983300 1505.237400 1057.295800 1031.317700 1168.719600 967.889650 1536.135400 1810.927100 1839.766200 1657.389200 1466.716300 1608.259600 1592.641200 1759.815300 1971.492000 2120.997800 2132.918000 2029.403900 1940.288000 1977.923000 2034.412200 1899.161500 2035.248800 2058.781500 2087.257000 1384.531400 942.488600 1033.898000 1424.705000 1571.290500 848.912300 1075.617000 915.323060 704.108200 1219.724600 922.954650 889.816350 905.671140 1144.064200 1563.314800 1489.973000 1178.738600 907.553800 721.776000 1052.579200 1117.044900 1230.978400 946.851750 1061.608300 1033.258500 1345.326800 1230.245200 1410.185700 1251.002100 908.161300 1101.908700 1399.498400 1240.143400 919.913400 793.272200
2494.280500 2709.065400 2673.149000 2610.362800 2950.897000 3765.413800 4344.079000 4674.992700 5874.219700 9282.790000 17620.914000 25821.883000 68641.940000 263884.700000 50432.812000 29393.810000 13082.104000 14469.097000 8187.433600 4176.319300 4331.039600 3614.039800 3451.345700 2896.858200 2533.043700 2294.760300 2181.421600 2043.638000 2044.069300 2833.786900 2557.734100 2276.869900 1808.627400 2272.818800 2568.628200 2054.317400 1506.682400 1437.643600 1524.930400 1550.808000 1712.623900 2199.483600 1960.311200 1915.916500 1758.842000 2099.831000 2010.372300 1425.197400 1370.672700 1331.700800 1348.159400 1359.943400 1414.366700 1469.331700 1648.797900 1767.088600 1706.758900 1607.187000 1686.856700 1583.570100 1606.342300 1756.117800 1632.749300 1940.200600 2091.370000 2127.089400 1775.625000 1800.831900 1657.149800 1621.488000 1496.336500 1471.920700 1442.943000 1414.477700 1366.863600 1398.538000 1287.159300 1216.065100 1305.760000 1341.327900 1469.112300 1463.638300 1383.231200 1312.191800 1338.778200 1173.676000 1156.998500 1266.208700 1301.910000 1250.916400 1263.862400 1243.802200 1013.568540 1161.647100 1365.518400 1313.616100 1121.595500 1159.372600 1187.064800 1126.869500
1641.266100 2074.994600 1460.134800 1301.901400 1472.156100 1804.522600 2635.462600 2570.612500 2529.841600 2967.033000 5447.616000 9868.509000 17333.785000 50432.812000 310721.400000 63973.098000 36294.035000 17921.094000 12296.220000 8863.590000 6204.857400 4821.384000 3911.445600 3787.174800 3613.217000 3246.329800 2837.368200 2950.658400 3081.328100 2470.198000 1990.278700 1922.966600 2350.647000 2199.849000 1438.276900 2236.857200 2429.543200 2179.190000 2189.678000 2206.587200 1872.490200 1424.488400 952.421940 842.088100 886.080400 814.482800 1345.559000 1864.264600 1807.838600 1840.895600 1697.625700 1682.601600 1724.764900 1700.897300 1872.759000 2144.976800 2273.827400 2203.820000 2348.391800 2221.535600 2221.240200 2074.914000 2269.200000 2284.268600 1865.108400 1252.695900 816.041000 830.642100 1120.383300 1223.393200 711.602230 966.505200 715.201230 604.255300 886.425100 745.225600 594.987370 731.062700 834.407840 1579.799400 1444.795800 838.556340 677.763240 612.726600 781.042540 870.206850 942.044600 773.527830 758.042000 827.572750 1261.291000 1201.437000 1305.815900 1173.954800 822.405940 953.984200 1195.265600 962.469000 665.347600 640.973300
1811.337300 2042.067300 1660.491800 1456.144500 1620.065300 2154.838600 2752.010000 2627.932600 2771.323000 3354.434300 5327.526000 7896.643000 12200.058000 29393.810000 63973.098000 275621.900000 73900.320000 32868.440000 17004.309000 9335.294000 6437.536600 5279.720000 4418.560000 3907.569600 3634.838900 3106.039800 2950.904800 2941.375000 3043.406500 2591.240000 2298.034000 2190.556400 2433.127000 2441.489500 1861.119000 2248.146000 2165.620000 2016.970800 1809.393900 2051.790000 1868.744300 1513.147600 1109.136600 996.546940 1037.864000 1061.620400 1535.245200 1713.929400 1688.387500 1614.614000 1533.088100 1632.219000 1626.917600 1697.126000 1840.372100 2060.712600 2084.171100 2058.376000 2033.676900 2036.386000 1984.743300 2059.545700 2204.988300 2070.434800 2029.106100 1409.281700 1005.733200 964.361150 1236.381100 1346.271600 926.059800 1050.147100 933.131600 776.166700 1015.709500 898.483000 800.389800 770.050200 980.053040 1470.599500 1363.054700 1026.605200 841.539370 682.331800 945.851400 990.152040 1056.434200 892.825900 922.215200 978.839540 1121.907700 1226.820000 1229.784000 1081.011500 919.092350 1035.448100 1219.869100 1003.913800 791.617550 708.024500
1518.243500 2033.574100 1294.510900 1144.993000 1372.136500 1569.301000 2141.856200 2070.937300 1898.021700 2359.280800 3660.854700 5888.763000 8934.088000 13082.104000 36294.035000 73900.320000 290878.900000 61078.797000 25099.064000 14171.267000 9049.729000 6683.505000 4857.885300 4536.830600 4141.230000 3630.255900 3252.192000 3163.472200 3472.257800 2671.929000 2219.978000 2066.853500 2482.173000 2353.192900 1598.513300 2490.213900 2513.752000 2295.115500 2486.078600 2298.348600 2015.505100 1580.068500 827.791200 765.252700 802.339200 772.944300 1378.922700 1710.434700 1767.738900 1611.946300 1491.347400 1431.390400 1657.804700 1620.882800 1813.709400 1993.079200 2031.830100 2184.866700 2313.051300 2292.167000 2089.740500 2113.155300 2163.459500 2286.351600 1866.153400 1205.924700 785.766300 785.556500 1077.682500 1136.067900 680.543460 943.801150 780.408100 612.970700 878.321000 692.794400 639.273700 690.628230 792.060600 1646.358900 1521.441500 862.202900 672.363950 575.040950 743.977540 802.429500 927.462460 777.804500 732.368400 823.636350 1125.004400 1194.337300 1352.136700 1193.354100 819.797800 892.554500 1120.729400 955.639470 647.063400 612.133600
1983.912000 1967.542500 1748.753900 1700.357000 1889.907300 2241.105700 2587.098900 2587.816200 2804.060300 3617.239000 4743.092000 5524.826000 6903.406700 14469.097000 17921.094000 32868.440000 61078.797000 278952.200000 71772.210000 15076.670000 11351.328000 7901.044400 6592.026000 4842.469700 4039.434600 3472.903800 3225.915800 2915.775400 2961.261500 3214.129000 3006.037600 2786.234100 2406.751200 2703.815200 2509.096000 2743.956800 1879.639000 1752.271900 1772.865200 1789.568200 1781.273000 1883.366300 1561.870600 1416.514000 1344.757000 1531.627900 1762.593300 1434.438000 1384.251300 1381.617100 1449.582000 1367.113000 1457.005500 1489.430400 1609.464800 1715.249900 1776.263300 1662.494000 1757.353300 1740.343400 1763.812400 1820.867600 1815.134500 1943.720000 2049.374000 1818.628800 1295.312900 1265.739100 1380.916600 1405.944600 1225.848800 1315.506100 1105.391100 1018.192000 1200.366700 1026.419200 960.922700 1032.441000 1099.569300 1362.715100 1395.372200 1192.342300 1022.389800 983.114900 1161.502000 1106.642300 1078.746700 1073.617100 1188.057700 1143.402600 1245.879400 1264.172900 1110.909000 1099.930900 1157.551100 1148.860200 1116.439200 1158.933600 1024.192500 961.401800
1629.912400 1839.733400 1401.574300 1295.002400 1339.529800 1733.060300 2268.278800 2233.567100 2187.541700 2482.565000 3467.441200 4783.229500 6058.209500 8187.433600 12296.220000 17004.309000 25099.064000 71772.210000 273052.660000 51115.110000 25926.280000 17048.908000 11722.972000 7850.484000 6566.298000 5336.848600 4710.999000 4455.271000 4405.631000 3964.546600 3074.424000 2819.447000 3080.482200 2998.883000 2215.004000 2623.167200 2263.857400 2176.702400 2069.295200 2183.743400 2019.910400 1712.887700 1169.462000 1061.676600 1041.536700 1015.259200 1533.639900 1765.992600 1771.073000 1607.355100 1526.427500 1535.109500 1617.832200 1604.843400 1785.527100 1960.409300 2040.455100 2070.832000 2166.450200 2036.015100 2028.610000 2034.612500 2085.079300 2150.795700 1992.461300 1417.264200 973.553400 1017.600900 1187.909700 1359.244000 906.039700 1150.810200 953.468500 746.948670 1062.818400 874.392330 816.065370 819.411500 998.049800 1436.421600 1393.182500 1051.124800 826.877000 765.950300 907.363340 1003.169900 1137.715800 998.899600 1021.425800 1040.592800 1297.022300 1225.743500 1331.473400 1279.711400 982.070560 1058.410800 1234.212800 1109.762200 849.982060 799.723200
1123.896900 1410.864100 894.195900 754.681900 893.989260 1108.503000 1523.630700 1484.574300 1188.581000 1362.687900 1974.950400 3461.918700 4428.116700 4176.319300 8863.590000 9335.294000 14171.267000 15076.670000 51115.110000 288792.780000 85316.484000 38046.848000 18320.870000 12056.039000 9468.439000 7563.052700 6256.132000 5717.030000 5946.448700 4021.709500 2704.736800 2677.328100 3303.723900 2840.393600 1589.368400 2633.833700 2966.809800 2581.804400 2610.067900 2351.374500 2087.702100 1366.867200 773.628500 715.460700 648.120500 649.770450 1142.708100 1879.365100 1833.158200 1642.700800 1568.998300 1589.374500 1688.140000 1641.842300 1766.191300 2016.199700 2164.932400 2219.365200 2269.709000 2274.422000 2226.073700 2112.998300 2332.585700 2120.604700 1731.941800 993.634950 639.845100 645.052300 917.684000 1011.704100 571.090400 793.351560 566.725800 505.486850 752.583440 621.960800 534.152600 623.959050 747.131000 1518.395000 1305.388800 786.564400 590.320400 482.334560 717.115900 773.346400 913.696100 743.304570 755.966200 769.294300 1126.322000 1149.979200 1276.255400 1198.230800 698.406000 858.718200 1264.257700 934.861200 564.090400 531.848600
1466.892600 1582.946500 1184.135000 1134.174300 1316.724100 1476.992800 1578.590000 1642.236900 1672.730800 2037.138000 2299.304000 2884.561000 3552.708700 4331.039600 6204.857400 6437.536600 9049.729000 11351.328000 25926.280000 85316.484000 273059.700000 76694.020000 27285.656000 13448.479000 9250.170000 6847.552000 6185.558600 5178.285600 5065.425300 4772.008300 3882.487800 3131.421400 2995.840000 3123.430000 2622.879600 2901.986600 2478.288600 2188.755600 2168.935300 2189.914800 2061.481000 1804.121200 1219.209400 1081.015000 1007.994450 1217.429700 1472.634600 1449.905400 1378.812500 1393.463300 1336.665400 1384.530800 1379.714000 1422.655300 1480.134800 1580.110500 1762.015900 1753.031100 1967.617600 1802.889200 1742.578500 1846.837500 1862.391600 1990.269000 1758.626600 1419.693400 1000.055300 1008.393860 1007.719700 1084.061300 944.933040 1076.601600 860.775700 821.618700 865.118400 808.493700 781.546800 752.569460 833.087500 1327.226400 1257.704800 917.465760 780.369000 760.406900 900.878970 966.499400 977.326230 1005.368200 979.824160 957.130700 1112.179400 1186.387600 1034.903600 1074.131300 958.724060 1028.189000 1068.541700 1037.235000 834.445740 755.972700
1366.023700 1395.743500 1125.641800 1006.541700 1143.052100 1336.496100 1637.511100 1512.546800 1508.164100 1755.306600 2081.892300 2781.836400 3286.879200 3614.039800 4821.384000 5279.720000 6683.505000 7901.044400 17048.908000 38046.848000 76694.020000 292199.160000 67058.150000 22271.299000 14390.898000 9588.470000 8008.987000 6432.265000 6553.614300 5614.510300 4147.760000 3311.464000 3323.043000 3354.375200 2498.346700 2684.894000 2237.776000 2123.966000 2071.112300 2027.098600 1995.906700 1580.419200 1134.410300 1001.503360 996.495670 1070.556000 1320.713400 1418.313700 1377.221600 1321.891000 1224.423200 1318.316300 1445.997800 1332.530200 1436.008300 1556.196700 1723.063200 1571.688400 1793.478100 1742.099000 1698.138400 1823.867400 1860.899900 1788.057900 1669.314800 1283.979600 899.397460 897.747200 1035.865500 1167.719500 838.823200 984.991800 824.688050 714.832760 899.840150 811.270300 726.003970 731.648130 881.997400 1210.318000 1194.330000 918.070000 709.314150 727.572750 840.859700 897.599730 983.591600 975.437800 985.725950 908.808040 1193.152200 1156.581700 1109.809300 1106.549800 892.695250 1037.823000 1149.855000 989.010250 785.666930 736.834050
1463.655000 1427.693000 1168.341600 1141.656900 1250.559300 1410.358800 1661.213700 1538.617900 1655.112500 1951.752100 2259.960400 2616.574700 2837.601300 3451.345700 3911.445600 4418.560000 4857.885300 6592.026000 11722.972000 18320.870000 27285.656000 67058.150000 267227.700000 73296.420000 32914.156000 18656.021000 14533.316000 10062.473000 9427.790000 9608.365000 5609.201700 4183.860000 3838.080600 3800.255000 3147.985400 2763.025400 2206.988500 1997.231300 1915.144800 1985.226000 1864.468400 1740.468000 1349.677700 1163.675700 1093.555800 1311.822500 1479.271500 1319.295200 1274.757200 1216.951300 1255.647200 1275.036000 1259.939300 1263.881800 1407.471400 1554.392700 1581.409800 1523.125700 1693.015500 1650.719400 1572.823200 1754.862800 1651.137000 1780.344200 1685.251500 1428.623000 1010.048650 1019.322700 1133.483900 1216.704700 1032.723600 1164.180900 948.493040 853.927060 924.287960 959.619600 845.095100 840.317930 936.613160 1203.231800 1208.841600 1002.417360 877.659670 844.443600 981.438700 985.810550 1056.558300 1104.376200 1078.115500 1087.042500 1210.180500 1078.271200 1109.025100 1085.418000 972.013800 1089.551100 1116.921400 1097.035300 927.458900 812.084800
1158.048200 1151.663700 914.217800 881.514100 899.141200 1074.760600 1399.629900 1276.910000 1166.338300 1355.234000 1670.399500 2506.767300 2762.108600 2896.858200 3787.174800 3907.569600 4536.830600 4842.469700 7850.484000 12056.039000 13448.479000 22271.299000 73296.420000 287226.000000 69818.500000 28298.906000 19607.193000 13752.645000 12582.759000 10319.797000 5220.966300 4300.135700 4501.587000 3993.495800 2636.607200 2907.033200 2654.455000 2360.446300 2187.014200 2229.763200 1987.917200 1512.940300 1024.579600 863.826350 875.269700 931.650600 1228.758700 1597.773700 1533.671500 1436.908700 1459.586200 1429.534500 1363.634300 1572.057500 1580.807300 1800.080600 1759.625000 1844.283800 1875.074000 1821.758500 1933.505200 1866.780400 1950.006000 1759.350500 1616.720000 1168.728100 741.767460 776.274540 939.884700 1193.682500 740.445500 846.109860 696.899700 625.519800 818.334300 730.106140 733.685060 703.551150 838.460500 1200.933300 1191.458700 936.690600 716.498800 641.274000 845.299800 947.095950 1075.867900 936.406300 873.035030 913.904660 1121.245200 1095.800400 1196.479500 1141.859500 853.972000 976.107700 1181.848300 1020.124200 743.777900 600.586730
1019.996000 1161.205800 893.350160 766.357850 726.409240 946.630700 1226.511200 1169.944100 1082.883000 1193.210300 1476.494000 2367.304700 2752.098400 2533.043700 3613.217000 3634.838900 4141.230000 4039.434600 6566.298000 9468.439000 9250.170000 14390.898000 32914.156000 69818.500000 282377.750000 67068.170000 33264.598000 20052.836000 17352.070000 12948.500000 5619.208500 4891.277000 5266.980500 4340.970700 2677.596000 2912.603500 2880.350000 2561.994600 2535.705300 2314.898400 1903.752400 1407.747000 891.875300 829.638370 720.693900 785.597050 1185.330600 1681.726900 1629.271700 1548.675200 1366.557100 1560.572400 1503.792400 1532.716600 1696.605200 1827.929700 1887.358500 1908.839600 1867.427100 1955.040400 2028.911900 1862.212000 1881.559200 1628.934000 1476.131100 1062.190100 703.303340 713.603760 892.899660 1172.601100 706.524400 848.131530 646.240360 638.853700 780.471300 740.189200 645.541900 623.226140 797.950800 1144.623700 1141.953600 837.612300 650.419070 580.333800 833.851700 885.865400 998.023200 878.660700 870.863950 821.235200 1158.061300 1093.417200 1283.146600 1139.138800 795.350700 896.807700 1087.625400 1007.920650 684.944030 618.433000
1100.049600 1079.023400 799.896000 720.816400 721.445070 915.241400 1239.943100 1123.947500 969.525270 1088.756000 1329.669100 2174.233200 2508.967300 2294.760300 3246.329800 3106.039800 3630.255900 3472.903800 5336.848600 7563.052700 6847.552000 9588.470000 18656.021000 28298.906000 67068.170000 285990.720000 75951.230000 32169.340000 25007.379000 17810.365000 6791.694300 5408.512700 5773.440400 4813.023000 2685.448000 3079.407500 2800.153000 2626.553700 2550.796000 2367.519000 2009.207400 1441.005700 939.700100 878.608340 800.713900 773.993100 1168.220500 1682.063000 1563.734000 1444.067000 1350.524000 1447.520300 1451.948500 1346.134000 1567.462600 1809.098800 1756.079300 1910.778700 1819.278900 1750.747900 1874.335100 1758.678600 1832.126700 1720.507200 1390.836500 974.762500 648.561200 724.569100 931.445430 1081.456400 715.983340 794.785340 660.986150 573.726140 830.937900 668.338440 634.586550 660.199300 772.334050 1231.524400 1129.714000 833.039000 671.433170 598.103150 875.231450 854.740200 998.516660 784.345100 871.322140 864.991150 1130.941200 1093.041600 1236.691800 1153.483800 750.433700 941.301940 1222.710800 981.183040 706.527200 649.094500
1025.032100 1098.106900 848.571800 829.348140 791.717800 975.722960 1241.408900 1174.160000 1073.106000 1075.608400 1419.361600 2083.335400 2358.766800 2181.421600 2837.368200 2950.904800 3252.192000 3225.915800 4710.999000 6256.132000 6185.558600 8008.987000 14533.316000 19607.193000 33264.598000 75951.230000 275308.940000 69316.090000 39255.387000 24914.568000 8370.804000 6242.635000 6399.884000 5441.775400 3026.833500 3123.875000 3003.749500 2560.368200 2457.139600 2338.384800 2083.911000 1571.576900 1032.688200 874.164100 863.487000 859.694400 1165.322500 1553.169400 1452.715100 1467.840800 1294.020400 1400.129800 1412.300400 1347.255700 1600.800400 1758.377900 1724.055400 1797.954800 1660.123300 1695.085000 1804.326800 1807.572100 1788.473500 1594.026400 1465.026000 1093.816900 746.560400 749.420600 962.314450 1196.493200 691.313050 820.889040 702.152830 632.773740 795.641800 673.881160 691.769170 656.001700 793.992740 1194.086800 1165.645900 872.394530 632.801100 630.039800 842.097050 902.882400 1037.997400 870.087770 876.996600 872.945800 1195.657200 1142.923200 1237.472400 1144.073100 804.369100 969.698800 1139.433200 989.420900 711.002800 676.357700
1038.412000 1013.407650 744.015140 711.980470 731.525500 830.849600 1124.874400 1054.085700 956.511350 999.405000 1312.179200 2059.616700 2375.911000 2043.638000 2950.658400 2941.375000 3163.472200 2915.775400 4455.271000 5717.030000 5178.285600 6432.265000 10062.473000 13752.645000 20052.836000 32169.340000 69316.090000 288942.340000 82206.620000 32031.793000 9350.652000 7041.391600 7416.141000 5653.323000 3044.138400 3369.233600 3299.098400 2817.733200 2717.565400 2626.383800 2197.580300 1479.599500 940.617550 807.519200 796.466600 763.760100 1121.685000 1833.450700 1749.244400 1498.353600 1449.966100 1435.261400 1430.209500 1567.380000 1637.588700 1857.571700 1885.227400 1900.469800 1811.605000 1816.280600 1839.563400 1766.982000 1900.771500 1664.247100 1403.354500 996.697000 638.103600 679.296600 908.307700 1161.927500 655.469060 788.816500 626.298700 561.951000 809.350200 662.147400 680.084800 647.032650 794.582460 1163.846400 1189.500400 863.032300 639.154050 538.360660 772.382140 894.688050 1066.287800 869.368200 887.466860 839.417500 1155.743700 1140.380700 1348.576500 1079.123300 778.930800 934.976560 1283.208400 987.555400 696.412840 610.760600
1148.897700 1140.716200 847.589660 749.751340 723.945740 875.890800 1196.986100 1150.856800 924.975300 907.281560 1363.181400 2167.338000 2381.254600 2044.069300 3081.328100 3043.406500 3472.257800 2961.261500 4405.631000 5946.448700 5065.425300 6553.614300 9427.790000 12582.759000 17352.070000 25007.379000 39255.387000 82206.620000 282535.400000 60411.996000 12951.787000 9019.481000 9626.733000 6967.173000 3259.270300 3769.682900 3933.228500 3301.978800 2980.362300 3001.291000 2348.278600 1650.255200 964.817440 881.675800 855.039060 739.151100 1213.028400 1846.834700 1749.177100 1517.444300 1340.059800 1462.495600 1423.656000 1512.910400 1754.783900 1967.003800 1898.302500 1871.348100 1915.010400 1853.820700 1876.862500 1804.546300 1963.646000 1779.978500 1475.807600 1015.273560 652.821700 710.207030 969.199500 1121.675400 692.552600 825.543700 654.902470 581.930360 823.827450 676.529970 680.674700 629.586800 798.568540 1339.051600 1266.580300 907.179100 689.254940 566.212200 907.226100 862.364500 1089.929600 849.209530 823.851140 883.340600 1197.618900 1214.502800 1404.262700 1230.312400 833.031740 953.213750 1353.178100 1058.877300 693.036130 632.433900
1419.174300 1432.222000 1301.608600 1248.149400 1537.120700 1487.883900 1555.228000 1573.656500 1511.768100 1676.597300 1907.352900 2164.440200 2260.543700 2833.786900 2470.198000 2591.240000 2671.929000 3214.129000 3964.546600 4021.709500 4772.008300 5614.510300 9608.365000 10319.797000 12948.500000 17810.365000 24914.568000 32031.793000 60411.996000 256743.160000 75707.390000 20537.316000 14282.959000 12387.587000 6695.920400 4537.679700 3240.774200 3036.291300 2747.960700 2732.054000 2637.052700 2439.931200 1817.545900 1525.664100 1541.488300 1490.593100 1751.240100 1463.634200 1325.431800 1280.775400 1306.012100 1198.814600 1291.024500 1342.900900 1439.884500 1551.303500 1646.506000 1483.794800 1405.532300 1398.836800 1482.686400 1617.018900 1610.027000 1700.996700 1807.896500 1565.091900 1222.520000 1321.259000 1308.172500 1407.054100 1113.203600 1058.070400 970.231300 934.128100 1082.353900 1075.741300 997.196100 1010.824900 1111.318700 1338.521600 1329.107400 1256.931200 1004.769600 996.761840 1112.003200 1075.872400 1143.473600 1147.902000 1183.989000 1160.832800 1202.723800 1255.202100 1206.529000 1131.678800 1126.726400 1176.738600 1210.890300 1168.046000 1018.070500 986.518550
1601.981200 1573.987700 1610.048500 1443.115700 1520.834200 1466.111200 1510.081900 1468.406700 1544.913800 1837.608000 1966.479500 1748.152200 1700.393600 2557.734100 1990.278700 2298.034000 2219.978000 3006.037600 3074.424000 2704.736800 3882.487800 4147.760000 5609.201700 5220.966300 5619.208500 6791.694300 8370.804000 9350.652000 12951.787000 75707.390000 303255.780000 52560.316000 31008.443000 23301.611000 10902.311000 5976.664000 3678.555200 3395.133800 3137.445300 2950.400400 2976.724400 3000.932000 2583.553500 2399.201700 2075.694800 2232.545000 1939.634200 1332.865400 1202.932600 1151.345500 1156.321900 1145.868900 1238.238300 1335.577000 1291.712500 1315.138400 1399.374900 1224.370500 1399.641000 1332.596700 1351.775300 1374.078600 1434.617000 1636.561400 1686.850200 1980.052500 1589.051300 1572.638100 1288.844000 1330.974900 1423.667000 1305.248300 1352.624600 1373.130600 1234.384200 1340.020500 1163.411600 1140.015600 1129.250400 1341.966900 1466.426600 1244.076300 1194.122100 1185.647700 1199.334400 1146.129200 1133.246800 1185.010500 1227.999300 1225.732300 1233.875700 1155.067900 1073.969100 1058.897500 1361.813700 1245.315700 1065.420200 1117.293300 1043.305900 1059.800700
1495.825900 1447.028000 1270.982300 1204.183200 1171.255600 1361.006300 1572.856300 1464.530800 1480.168600 1610.516100 1772.903700 1975.373200 1917.991800 2276.869900 1922.966600 2190.556400 2066.853500 2786.234100 2819.447000 2677.328100 3131.421400 3311.464000 4183.860000 4300.135700 4891.277000 5408.512700 6242.635000 7041.391600 9019.481000 20537.316000 52560.316000 281286.600000 103489.195000 39394.195000 12907.876000 7471.834000 4826.874000 4036.334700 3689.382800 3495.788800 3173.068400 3030.448200 2323.920700 1826.183200 1694.189600 1674.689500 2019.134400 1612.445400 1562.258000 1347.197600 1418.746600 1442.470000 1425.044100 1465.640900 1505.072900 1678.277500 1653.420900 1512.424400 1499.454000 1524.347500 1581.511100 1539.716700 1524.546800 1593.524800 1752.451400 1594.332200 1166.725600 1209.743200 1275.270100 1365.964600 1129.664400 1155.766500 1107.759800 1042.143300 1251.097300 1044.316000 1013.423030 1086.067500 1167.852700 1401.956700 1349.930200 1246.627400 1096.140000 1088.809400 1151.299100 1208.800300 1248.286600 1179.882100 1283.361600 1289.934300 1292.768600 1343.414800 1190.659500 1167.419600 1260.738000 1301.435500 1354.267000 1195.098900 1099.505600 1087.043200
1331.347200 1426.134200 1084.172200 903.385100 879.554800 1081.402200 1347.705900 1207.520000 1099.047200 1090.462200 1396.067300 2004.309600 2209.604700 1808.627400 2350.647000 2433.127000 2482.173000 2406.751200 3080.482200 3303.723900 2995.840000 3323.043000 3838.080600 4501.587000 5266.980500 5773.440400 6399.884000 7416.141000 9626.733000 14282.959000 31008.443000 103489.195000 306073.380000 46107.800000 10425.945000 8101.736000 6379.095700 5110.697300 4540.800300 4133.655000 3433.223600 2724.422000 1621.097700 1303.092800 1280.611300 1098.157200 1690.195100 2009.815900 1879.985400 1633.773000 1458.306600 1581.157800 1528.412700 1643.429300 1769.196300 1886.416100 1931.779400 1760.440800 1721.317600 1713.526100 1752.101300 1724.080900 1883.375400 1812.672600 1587.580100 1131.804600 796.957300 805.807700 1051.624800 1244.972000 768.063540 887.800960 867.346440 719.956850 1033.737500 837.904050 788.122400 780.357900 977.687440 1436.096900 1428.995600 1064.077800 859.786100 803.725950 1014.410900 1071.671600 1207.833300 950.922550 1024.631200 1046.336300 1320.945800 1240.237300 1421.522100 1344.010600 956.012400 1102.096000 1484.033800 1233.957300 849.171700 804.973800
