1.000000e+00 2.122620e-01 4.690553e-02 2.721360e-02 1.910805e-02 1.892728e-02 1.785454e-02 1.434383e-02 1.368802e-02 1.213537e-02 1.108763e-02 8.891369e-03 7.453952e-03 8.387622e-03 5.519155e-03 6.091060e-03 5.105461e-03 6.671384e-03 5.480975e-03 3.779375e-03 4.932782e-03 4.593585e-03 4.921894e-03 3.894217e-03 3.429984e-03 3.699183e-03 3.446919e-03 3.491912e-03 3.863447e-03 4.772317e-03 5.387050e-03 5.030077e-03 4.476977e-03 5.104466e-03 6.379145e-03 5.275048e-03 3.996545e-03 4.188744e-03 4.144187e-03 4.524854e-03 5.196721e-03 6.489200e-03 6.516349e-03 6.226434e-03 6.483419e-03 6.174764e-03 5.996160e-03 3.610542e-03 3.325446e-03 3.499925e-03 3.416600e-03 3.197273e-03 3.418742e-03 3.544671e-03 3.491766e-03 3.809312e-03 4.058006e-03 3.402967e-03 3.539434e-03 3.352675e-03 3.403174e-03 3.766317e-03 3.747195e-03 4.069502e-03 5.495396e-03 5.697575e-03 5.660852e-03 5.911088e-03 5.859344e-03 5.472244e-03 5.214739e-03 5.363145e-03 5.417517e-03 4.937509e-03 5.751270e-03 5.277661e-03 4.595660e-03 4.599942e-03 4.373087e-03 4.342810e-03 4.403585e-03 4.731856e-03 4.474303e-03 4.133687e-03 4.160019e-03 3.826589e-03 3.685411e-03 3.917556e-03 3.751190e-03 3.682647e-03 3.540991e-03 3.286860e-03 2.730472e-03 2.664270e-03 3.518093e-03 3.275710e-03 3.108363e-03 2.968601e-03 3.035683e-03 3.232953e-03
2.122620e-01 1.000000e+00 2.344869e-01 5.962609e-02 3.784410e-02 3.199316e-02 2.696547e-02 1.953584e-02 1.613520e-02 1.338248e-02 1.275191e-02 1.021026e-02 9.165051e-03 9.109888e-03 6.977672e-03 6.866946e-03 6.838385e-03 6.616338e-03 6.186549e-03 4.744372e-03 5.323041e-03 4.693525e-03 4.800963e-03 3.872748e-03 3.904836e-03 3.628477e-03 3.692650e-03 3.407829e-03 3.835934e-03 4.816193e-03 5.292915e-03 4.865982e-03 4.795722e-03 5.595131e-03 5.710468e-03 5.441309e-03 4.919487e-03 4.441797e-03 4.480793e-03 5.036800e-03 5.231616e-03 5.827600e-03 5.801108e-03 5.809495e-03 6.140767e-03 5.422032e-03 5.830827e-03 4.017927e-03 3.680371e-03 3.547662e-03 3.191282e-03 3.449062e-03 3.475880e-03 3.673856e-03 3.844212e-03 4.215761e-03 3.990287e-03 3.849057e-03 3.797841e-03 3.790044e-03 3.678793e-03 4.258319e-03 4.330415e-03 4.894227e-03 6.423048e-03 5.611333e-03 5.457145e-03 5.933596e-03 6.487013e-03 6.019234e-03 4.615672e-03 5.619207e-03 5.334429e-03 4.171186e-03 5.908397e-03 4.995004e-03 4.175360e-03 4.439499e-03 4.702097e-03 5.044539e-03 5.106376e-03 4.783109e-03 4.220583e-03 3.898348e-03 4.118345e-03 3.928678e-03 3.886506e-03 3.801305e-03 3.737323e-03 3.699505e-03 3.556259e-03 3.328833e-03 3.273742e-03 3.167751e-03 3.352387e-03 3.483924e-03 3.391834e-03 3.417289e-03 3.156245e-03 3.148407e-03
4.690553e-02 2.344869e-01 1.000000e+00 3.053848e-01 9.982755e-02 4.688816e-02 2.837846e-02 1.975148e-02 1.822857e-02 1.585822e-02 1.177992e-02 8.115879e-03 6.604951e-03 8.989111e-03 4.910057e-03 5.583806e-03 4.353106e-03 5.880608e-03 4.713133e-03 3.006950e-03 3.981941e-03 3.785243e-03 3.928832e-03 3.074279e-03 3.004106e-03 2.689844e-03 2.853528e-03 2.501931e-03 2.850225e-03 4.376974e-03 5.414178e-03 4.273986e-03 3.645792e-03 4.715139e-03 6.641646e-03 4.556579e-03 3.218397e-03 3.292855e-03 3.337769e-03 3.288721e-03 3.841482e-03 6.001594e-03 7.365895e-03 8.271547e-03 8.963845e-03 8.191467e-03 5.529176e-03 2.721662e-03 2.781668e-03 2.773577e-03 2.651485e-03 2.617615e-03 2.883120e-03 3.014553e-03 3.117793e-03 2.876630e-03 3.086407e-03 2.534764e-03 2.899429e-03 2.817272e-03 2.787753e-03 3.084468e-03 2.983165e-03 3.594602e-03 5.234872e-03 6.527049e-03 8.547341e-03 9.343569e-03 6.520707e-03 6.123755e-03 7.133585e-03 6.365275e-03 6.732320e-03 6.100975e-03 6.212099e-03 6.869184e-03 5.937100e-03 5.763113e-03 5.050500e-03 4.034073e-03 4.222062e-03 5.143376e-03 5.135115e-03 5.204175e-03 4.357385e-03 3.807238e-03 3.350626e-03 3.611756e-03 3.773517e-03 3.869335e-03 2.977283e-03 2.704292e-03 2.344823e-03 2.611757e-03 3.581979e-03 3.232248e-03 2.662640e-03 2.920378e-03 3.274708e-03 3.363557e-03
2.721360e-02 5.962609e-02 3.053848e-01 1.000000e+00 2.652586e-01 6.517354e-02 3.259211e-02 2.291991e-02 2.124927e-02 1.774912e-02 1.229117e-02 7.769204e-03 6.336650e-03 8.777977e-03 4.377959e-03 4.896638e-03 3.850316e-03 5.717862e-03 4.354759e-03 2.537801e-03 3.813936e-03 3.384740e-03 3.839098e-03 2.964305e-03 2.577064e-03 2.423920e-03 2.788884e-03 2.394207e-03 2.521220e-03 4.197205e-03 4.852826e-03 4.049358e-03 3.037851e-03 4.247874e-03 6.569281e-03 3.779186e-03 2.571618e-03 2.691931e-03 2.583761e-03 2.862041e-03 3.647697e-03 5.658511e-03 7.504088e-03 7.676621e-03 8.665743e-03 8.421212e-03 5.484596e-03 2.628754e-03 2.384510e-03 2.517919e-03 2.595183e-03 2.512932e-03 2.819900e-03 2.938883e-03 2.896879e-03 3.011205e-03 2.716648e-03 2.583562e-03 2.552746e-03 2.476453e-03 2.659838e-03 2.950823e-03 2.630918e-03 3.344768e-03 4.789379e-03 6.514600e-03 8.846539e-03 1.134806e-02 6.536199e-03 6.216226e-03 7.431760e-03 6.051695e-03 6.913891e-03 7.005233e-03 6.258524e-03 6.884313e-03 6.155712e-03 5.556678e-03 4.682928e-03 3.423563e-03 3.676826e-03 4.858003e-03 5.447337e-03 5.283633e-03 4.299506e-03 3.806154e-03 3.251988e-03 3.980934e-03 3.993459e-03 4.011695e-03 2.817814e-03 2.680881e-03 2.116319e-03 2.254973e-03 3.593122e-03 3.263722e-03 2.403176e-03 2.632616e-03 3.571214e-03 3.474831e-03
1.910805e-02 3.784410e-02 9.982755e-02 2.652586e-01 1.000000e+00 3.223715e-01 6.446671e-02 3.467641e-02 2.877520e-02 2.095571e-02 1.422800e-02 8.616532e-03 6.923838e-03 9.923106e-03 4.950481e-03 5.447862e-03 4.614141e-03 6.355271e-03 4.504493e-03 3.006255e-03 4.427804e-03 3.843789e-03 4.205308e-03 3.023580e-03 2.442727e-03 2.426034e-03 2.662343e-03 2.459932e-03 2.434443e-03 5.168941e-03 5.114173e-03 3.938631e-03 2.957716e-03 4.163249e-03 6.315274e-03 3.823972e-03 2.645826e-03 2.825296e-03 2.583477e-03 2.838201e-03 3.690816e-03 5.686750e-03 6.784520e-03 6.812446e-03 7.820641e-03 8.236343e-03 5.256006e-03 2.538392e-03 2.323923e-03 2.462935e-03 2.825707e-03 2.670728e-03 2.871591e-03 2.850912e-03 3.001001e-03 2.780253e-03 2.849434e-03 2.613633e-03 2.663943e-03 2.739836e-03 2.780951e-03 2.994891e-03 2.803643e-03 3.703147e-03 4.779480e-03 6.756707e-03 1.027948e-02 1.879682e-02 6.901243e-03 6.972510e-03 8.682172e-03 6.494171e-03 6.232820e-03 6.428448e-03 5.473236e-03 6.836566e-03 6.804163e-03 4.994872e-03 4.002191e-03 3.294499e-03 3.560576e-03 4.491962e-03 4.684482e-03 5.059312e-03 4.048753e-03 3.481273e-03 3.086167e-03 3.845028e-03 3.886289e-03 3.590591e-03 2.667773e-03 2.742876e-03 1.899296e-03 2.187308e-03 3.652200e-03 3.109651e-03 2.303982e-03 2.482696e-03 3.279204e-03 3.695201e-03
1.892728e-02 3.199316e-02 4.688816e-02 6.517354e-02 3.223715e-01 1.000000e+00 1.649518e-01 6.387604e-02 4.602156e-02 2.896317e-02 2.062242e-02 1.276959e-02 1.021288e-02 1.266212e-02 6.068144e-03 7.246167e-03 5.277155e-03 7.536261e-03 5.827835e-03 3.727610e-03 4.966746e-03 4.494292e-03 4.742673e-03 3.614143e-03 3.183275e-03 3.077721e-03 3.281105e-03 2.793933e-03 2.945395e-03 5.003370e-03 4.930154e-03 4.576713e-03 3.636477e-03 4.589946e-03 5.983647e-03 4.120315e-03 2.686287e-03 3.013714e-03 3.135770e-03 3.268904e-03 4.016751e-03 5.962042e-03 6.963797e-03 7.089800e-03 7.389618e-03 7.031605e-03 5.704369e-03 3.197990e-03 3.027868e-03 2.955344e-03 3.159748e-03 3.096450e-03 3.163854e-03 3.432892e-03 3.442988e-03 3.706882e-03 3.663875e-03 3.542511e-03 3.222957e-03 3.118652e-03 3.305411e-03 3.614661e-03 3.181658e-03 4.099898e-03 5.702035e-03 6.822669e-03 8.498234e-03 1.110354e-02 7.773824e-03 7.194330e-03 7.118584e-03 6.737627e-03 6.545363e-03 6.162099e-03 6.783155e-03 6.866887e-03 6.304388e-03 5.331754e-03 4.816741e-03 4.209078e-03 4.197753e-03 5.478636e-03 5.434998e-03 5.229560e-03 5.131853e-03 4.443023e-03 4.049453e-03 4.316014e-03 4.664590e-03 4.278256e-03 3.487878e-03 3.323194e-03 2.615341e-03 2.716874e-03 3.918225e-03 3.439809e-03 3.222901e-03 3.369082e-03 3.815686e-03 3.996649e-03
1.785454e-02 2.696547e-02 2.837846e-02 3.259211e-02 6.446671e-02 1.649518e-01 1.000000e+00 2.948081e-01 1.037356e-01 4.446789e-02 3.100017e-02 2.164137e-02 1.643974e-02 1.460802e-02 8.862381e-03 9.254300e-03 7.202510e-03 8.699746e-03 7.627637e-03 5.123577e-03 5.308391e-03 5.506528e-03 5.586233e-03 4.706594e-03 4.124441e-03 4.169609e-03 4.174538e-03 3.782663e-03 4.025156e-03 5.229831e-03 5.078016e-03 5.289110e-03 4.531987e-03 5.253889e-03 5.630019e-03 4.715786e-03 3.660105e-03 3.506872e-03 3.331171e-03 4.084937e-03 4.109354e-03 5.593045e-03 6.089962e-03 5.728739e-03 6.616065e-03 6.172938e-03 5.985357e-03 4.017705e-03 3.587827e-03 3.592923e-03 3.664322e-03 3.664508e-03 3.897801e-03 4.117024e-03 4.579980e-03 4.434683e-03 4.361554e-03 3.963789e-03 3.928403e-03 4.000578e-03 3.988309e-03 4.160278e-03 4.279636e-03 4.823900e-03 6.778083e-03 6.491624e-03 6.500523e-03 7.788696e-03 8.071459e-03 8.020114e-03 5.611374e-03 6.075877e-03 5.855030e-03 4.960366e-03 7.284459e-03 6.009400e-03 5.438848e-03 5.198648e-03 5.433492e-03 4.862958e-03 4.545082e-03 5.432960e-03 5.372776e-03 4.781419e-03 5.299628e-03 4.934837e-03 4.838946e-03 5.081929e-03 5.011168e-03 4.623241e-03 4.335829e-03 3.874744e-03 3.415074e-03 3.403997e-03 3.910852e-03 4.337138e-03 4.393386e-03 4.311129e-03 4.392337e-03 4.377516e-03
1.434383e-02 1.953584e-02 1.975148e-02 2.291991e-02 3.467641e-02 6.387604e-02 2.948081e-01 1.000000e+00 3.126834e-01 6.618056e-02 3.776769e-02 2.256157e-02 1.684470e-02 1.572079e-02 8.644307e-03 8.837060e-03 6.964028e-03 8.702159e-03 7.510910e-03 4.992241e-03 5.522419e-03 5.086305e-03 5.173975e-03 4.293919e-03 3.934220e-03 3.779546e-03 3.948397e-03 3.544618e-03 3.870035e-03 5.291801e-03 4.937873e-03 4.924839e-03 4.060578e-03 5.109541e-03 5.760241e-03 4.426950e-03 3.304724e-03 3.150638e-03 2.889914e-03 3.424870e-03 3.996366e-03 5.678124e-03 6.269435e-03 5.597345e-03 6.538588e-03 6.267518e-03 6.055923e-03 3.530495e-03 3.284486e-03 2.961637e-03 3.331342e-03 3.142592e-03 3.493640e-03 3.912969e-03 4.172441e-03 4.068808e-03 4.248808e-03 3.701670e-03 3.500423e-03 3.651007e-03 3.599287e-03 3.961965e-03 3.813470e-03 4.502627e-03 6.604385e-03 6.470342e-03 6.320670e-03 6.930734e-03 7.412771e-03 6.874836e-03 5.707216e-03 5.802845e-03 5.765481e-03 5.206650e-03 6.899571e-03 5.905397e-03 5.474038e-03 5.187813e-03 4.960171e-03 4.326846e-03 4.265225e-03 5.431514e-03 5.223727e-03 4.842985e-03 5.122476e-03 4.734300e-03 4.671589e-03 4.617320e-03 5.069153e-03 4.671651e-03 3.939149e-03 3.729099e-03 3.179072e-03 3.200940e-03 4.000693e-03 4.135868e-03 3.790161e-03 3.975375e-03 4.086295e-03 4.264218e-03
1.368802e-02 1.613520e-02 1.822857e-02 2.124927e-02 2.877520e-02 4.602156e-02 1.037356e-01 3.126834e-01 1.000000e+00 2.024425e-01 6.753259e-02 2.771442e-02 1.747946e-02 1.975349e-02 8.507205e-03 9.319245e-03 6.382558e-03 9.429332e-03 7.356139e-03 3.996891e-03 5.624962e-03 5.071567e-03 5.565717e-03 3.922095e-03 3.641456e-03 3.260263e-03 3.608579e-03 3.216501e-03 3.110453e-03 5.083686e-03 5.195147e-03 4.977425e-03 3.695812e-03 4.909581e-03 6.603592e-03 4.075690e-03 2.878561e-03 2.654690e-03 2.808018e-03 3.397925e-03 3.737429e-03 5.870491e-03 7.551235e-03 6.807042e-03 7.704022e-03 7.618564e-03 6.261727e-03 3.119711e-03 2.863418e-03 2.736504e-03 3.053243e-03 2.989908e-03 3.124607e-03 3.305116e-03 3.705552e-03 3.783983e-03 3.637044e-03 3.130750e-03 3.203469e-03 3.180388e-03 3.128481e-03 3.657700e-03 3.484155e-03 4.048118e-03 6.028740e-03 7.096909e-03 8.011069e-03 8.199578e-03 7.351149e-03 6.835126e-03 6.960493e-03 6.490535e-03 6.607444e-03 6.007560e-03 7.081638e-03 6.822061e-03 5.939696e-03 5.681515e-03 5.474103e-03 4.072399e-03 4.213075e-03 6.029114e-03 6.303795e-03 5.824704e-03 5.257649e-03 4.979000e-03 4.573165e-03 5.172807e-03 5.447808e-03 5.380556e-03 3.733162e-03 3.649955e-03 2.649866e-03 2.940982e-03 4.691575e-03 4.200809e-03 3.609666e-03 3.809452e-03 4.672496e-03 4.933685e-03
1.213537e-02 1.338248e-02 1.585822e-02 1.774912e-02 2.095571e-02 2.896317e-02 4.446789e-02 6.618056e-02 2.024425e-01 1.000000e+00 2.485769e-01 4.771535e-02 2.682530e-02 3.121563e-02 9.977367e-03 1.128010e-02 7.933653e-03 1.216384e-02 8.348226e-03 4.582368e-03 6.850370e-03 5.902643e-03 6.563239e-03 4.557302e-03 4.012459e-03 3.661206e-03 3.616994e-03 3.360741e-03 3.050954e-03 5.637964e-03 6.179402e-03 5.415750e-03 3.666943e-03 5.162327e-03 7.646475e-03 4.528548e-03 2.716229e-03 2.887838e-03 2.867693e-03 3.370198e-03 4.147841e-03 7.092414e-03 8.636539e-03 7.991718e-03 8.913048e-03 8.805555e-03 7.131377e-03 3.006457e-03 2.896462e-03 3.189575e-03 3.329373e-03 3.166812e-03 3.578058e-03 3.618581e-03 3.639894e-03 3.604405e-03 3.574698e-03 3.390078e-03 3.301478e-03 3.133429e-03 3.364232e-03 3.730529e-03 3.624303e-03 4.503538e-03 6.249287e-03 8.363396e-03 9.191007e-03 8.793875e-03 7.155788e-03 6.465610e-03 7.796393e-03 6.813821e-03 7.214079e-03 6.852324e-03 6.937868e-03 7.174552e-03 6.293612e-03 6.325091e-03 5.556333e-03 4.021607e-03 4.293916e-03 5.893776e-03 6.455712e-03 6.286910e-03 5.626842e-03 4.986316e-03 4.119487e-03 5.317787e-03 5.427912e-03 5.385905e-03 3.626516e-03 3.691020e-03 2.770503e-03 3.012311e-03 4.863157e-03 4.622077e-03 3.242266e-03 3.520276e-03 4.882116e-03 5.333230e-03
1.108763e-02 1.275191e-02 1.177992e-02 1.229117e-02 1.422800e-02 2.062242e-02 3.100017e-02 3.776769e-02 6.753259e-02 2.485769e-01 1.000000e+00 2.147688e-01 8.247170e-02 5.925459e-02 1.831893e-02 1.791510e-02 1.231051e-02 1.594980e-02 1.166011e-02 6.641249e-03 7.731966e-03 7.000867e-03 7.599664e-03 5.617123e-03 4.965069e-03 4.471334e-03 4.772947e-03 4.412520e-03 4.584028e-03 6.413936e-03 6.612763e-03 5.961818e-03 4.694614e-03 5.798971e-03 7.113351e-03 5.395320e-03 3.656717e-03 3.633865e-03 3.422763e-03 3.792379e-03 4.631835e-03 6.394768e-03 6.936444e-03 7.270867e-03 7.031546e-03 6.604115e-03 6.980240e-03 3.847776e-03 3.577567e-03 3.574622e-03 3.551705e-03 3.544294e-03 3.876857e-03 4.178480e-03 4.559156e-03 4.730404e-03 4.849689e-03 4.268689e-03 4.025370e-03 4.054852e-03 4.175784e-03 4.644946e-03 4.746706e-03 5.910404e-03 7.535746e-03 7.407385e-03 7.083483e-03 6.885771e-03 6.924912e-03 6.271251e-03 5.739872e-03 5.882040e-03 5.696000e-03 5.101005e-03 6.179458e-03 5.311855e-03 5.178416e-03 5.229718e-03 5.462674e-03 4.706696e-03 4.781487e-03 5.872153e-03 5.640831e-03 5.121199e-03 5.289655e-03 4.706601e-03 4.247639e-03 4.346679e-03 5.019461e-03 4.892585e-03 4.314663e-03 3.948228e-03 3.150017e-03 3.378944e-03 4.608400e-03 4.470934e-03 3.926703e-03 4.176926e-03 4.315869e-03 4.484271e-03
8.891369e-03 1.021026e-02 8.115879e-03 7.769204e-03 8.616532e-03 1.276959e-02 2.164137e-02 2.256157e-02 2.771442e-02 4.771535e-02 2.147688e-01 1.000000e+00 2.251396e-01 8.683233e-02 3.318525e-02 2.655437e-02 1.980239e-02 1.857857e-02 1.608477e-02 1.164154e-02 9.700035e-03 9.354598e-03 8.798866e-03 8.429612e-03 7.960635e-03 7.311386e-03 7.005720e-03 6.925960e-03 7.288199e-03 7.278454e-03 5.878585e-03 6.642671e-03 6.739976e-03 6.900816e-03 5.850202e-03 5.756953e-03 5.191512e-03 5.177140e-03 4.711505e-03 5.477626e-03 5.165192e-03 5.184926e-03 4.298633e-03 3.986674e-03 4.453604e-03 4.371674e-03 5.779531e-03 5.709510e-03 5.476265e-03 4.900266e-03 4.679632e-03 4.770938e-03 5.122620e-03 5.255487e-03 6.179288e-03 6.652502e-03 6.891957e-03 5.904058e-03 5.893562e-03 5.519106e-03 5.941054e-03 6.091006e-03 6.219667e-03 6.687131e-03 6.786835e-03 5.396134e-03 4.034313e-03 4.144405e-03 5.622442e-03 5.561897e-03 3.441019e-03 4.202524e-03 3.579594e-03 2.962092e-03 4.770670e-03 3.491808e-03 3.382907e-03 3.500272e-03 4.130062e-03 4.944738e-03 4.774263e-03 4.562328e-03 3.679962e-03 3.147574e-03 3.936149e-03 4.047612e-03 4.309552e-03 3.642962e-03 3.981895e-03 4.031963e-03 4.631796e-03 4.516408e-03 4.387606e-03 4.140218e-03 3.394650e-03 3.907097e-03 4.878623e-03 4.187534e-03 3.346996e-03 3.150936e-03
7.453952e-03 9.165051e-03 6.604951e-03 6.336650e-03 6.923838e-03 1.021288e-02 1.643974e-02 1.684470e-02 1.747946e-02 2.682530e-02 8.247170e-02 2.251396e-01 1.000000e+00 2.308251e-01 5.828905e-02 4.102565e-02 3.004303e-02 2.321438e-02 2.037220e-02 1.489061e-02 1.194684e-02 1.105293e-02 9.542121e-03 9.288259e-03 9.254597e-03 8.437010e-03 7.931924e-03 7.989576e-03 8.007545e-03 7.601626e-03 5.717985e-03 6.449712e-03 7.430331e-03 7.033041e-03 5.189714e-03 6.544959e-03 6.401415e-03 5.501333e-03 5.242910e-03 6.028054e-03 6.025978e-03 5.061725e-03 3.555413e-03 3.468055e-03 3.930103e-03 3.254763e-03 5.165627e-03 6.089681e-03 6.186659e-03 5.573372e-03 4.932189e-03 5.408162e-03 5.355642e-03 5.917805e-03 6.629619e-03 7.132369e-03 7.172453e-03 6.824362e-03 6.524688e-03 6.651245e-03 6.841204e-03 6.386390e-03 6.844017e-03 6.923151e-03 7.018907e-03 4.655822e-03 3.169346e-03 3.476732e-03 4.790916e-03 5.283845e-03 2.854673e-03 3.617023e-03 3.077995e-03 2.367734e-03 4.101619e-03 3.103658e-03 2.992223e-03 3.045538e-03 3.847193e-03 5.257025e-03 5.010395e-03 3.963794e-03 3.051869e-03 2.427147e-03 3.539552e-03 3.756334e-03 4.139463e-03 3.184018e-03 3.569915e-03 3.474582e-03 4.523987e-03 4.136997e-03 4.742091e-03 4.206797e-03 3.053912e-03 3.705435e-03 4.706152e-03 4.170282e-03 3.093432e-03 2.667570e-03
8.387622e-03 9.109888e-03 8.989111e-03 8.777977e-03 9.923106e-03 1.266212e-02 1.460802e-02 1.572079e-02 1.975349e-02 3.121563e-02 5.925459e-02 8.683233e-02 2.308251e-01 1.000000e+00 1.695925e-01 9.884380e-02 4.399174e-02 4.865584e-02 2.753223e-02 1.404388e-02 1.456417e-02 1.215308e-02 1.160599e-02 9.741387e-03 8.517973e-03 7.716687e-03 7.335558e-03 6.872228e-03 6.873678e-03 9.529295e-03 8.601000e-03 7.656526e-03 6.081948e-03 7.642904e-03 8.637634e-03 6.908140e-03 5.066584e-03 4.834425e-03 5.127948e-03 5.214967e-03 5.759113e-03 7.396296e-03 6.592021e-03 6.442733e-03 5.914532e-03 7.061190e-03 6.760364e-03 4.792571e-03 4.609219e-03 4.478166e-03 4.533512e-03 4.573139e-03 4.756150e-03 4.940984e-03 5.544482e-03 5.942263e-03 5.739390e-03 5.404555e-03 5.672464e-03 5.325138e-03 5.401715e-03 5.905371e-03 5.490515e-03 6.524394e-03 7.032738e-03 7.152853e-03 5.970969e-03 6.055733e-03 5.572567e-03 5.452646e-03 5.031794e-03 4.949690e-03 4.852245e-03 4.756524e-03 4.596410e-03 4.702923e-03 4.328385e-03 4.089313e-03 4.390934e-03 4.510540e-03 4.940246e-03 4.921838e-03 4.651450e-03 4.412563e-03 4.501966e-03 3.946770e-03 3.890688e-03 4.257933e-03 4.377988e-03 4.206509e-03 4.250043e-03 4.182586e-03 3.408370e-03 3.906320e-03 4.591886e-03 4.417352e-03 3.771636e-03 3.898671e-03 3.991793e-03 3.789372e-03
5.519155e-03 6.977672e-03 4.910057e-03 4.377959e-03 4.950481e-03 6.068144e-03 8.862381e-03 8.644307e-03 8.507205e-03 9.977367e-03 1.831893e-02 3.318525e-02 5.828905e-02 1.695925e-01 1.000000e+00 2.151250e-01 1.220475e-01 6.026402e-02 4.134902e-02 2.980597e-02 2.086534e-02 1.621307e-02 1.315318e-02 1.273529e-02 1.215032e-02 1.091657e-02 9.541338e-03 9.922303e-03 1.036171e-02 8.306639e-03 6.692794e-03 6.466441e-03 7.904620e-03 7.397525e-03 4.836554e-03 7.521974e-03 8.169927e-03 7.328054e-03 7.363322e-03 7.420184e-03 6.296702e-03 4.790187e-03 3.202749e-03 2.831725e-03 2.979660e-03 2.738896e-03 4.524768e-03 6.269041e-03 6.079295e-03 6.190457e-03 5.708677e-03 5.658155e-03 5.799940e-03 5.719679e-03 6.297606e-03 7.213004e-03 7.646295e-03 7.410878e-03 7.897036e-03 7.470451e-03 7.469458e-03 6.977401e-03 7.630734e-03 7.681406e-03 6.271879e-03 4.212493e-03 2.744135e-03 2.793235e-03 3.767560e-03 4.113956e-03 2.392935e-03 3.250108e-03 2.405037e-03 2.031955e-03 2.980819e-03 2.506002e-03 2.000789e-03 2.458375e-03 2.805898e-03 5.312458e-03 4.858476e-03 2.819849e-03 2.279143e-03 2.060442e-03 2.626445e-03 2.926281e-03 3.167853e-03 2.601175e-03 2.549100e-03 2.782914e-03 4.241396e-03 4.040123e-03 4.391122e-03 3.947707e-03 2.765539e-03 3.208003e-03 4.019370e-03 3.236535e-03 2.237392e-03 2.155428e-03
6.091060e-03 6.866946e-03 5.583806e-03 4.896638e-03 5.447862e-03 7.246167e-03 9.254300e-03 8.837060e-03 9.319245e-03 1.128010e-02 1.791510e-02 2.655437e-02 4.102565e-02 9.884380e-02 2.151250e-01 1.000000e+00 2.485077e-01 1.105281e-01 5.718111e-02 3.139219e-02 2.164778e-02 1.775434e-02 1.485848e-02 1.314015e-02 1.222303e-02 1.044481e-02 9.923132e-03 9.891086e-03 1.023419e-02 8.713672e-03 7.727696e-03 7.366276e-03 8.181979e-03 8.210100e-03 6.258463e-03 7.559935e-03 7.282422e-03 6.782553e-03 6.084525e-03 6.899641e-03 6.284105e-03 5.088325e-03 3.729740e-03 3.351130e-03 3.490069e-03 3.569956e-03 5.162634e-03 5.763503e-03 5.677612e-03 5.429531e-03 5.155380e-03 5.488732e-03 5.470904e-03 5.706997e-03 6.188697e-03 6.929645e-03 7.008530e-03 6.921788e-03 6.838731e-03 6.847841e-03 6.674180e-03 6.925721e-03 7.414807e-03 6.962338e-03 6.823361e-03 4.739051e-03 3.382021e-03 3.242898e-03 4.157631e-03 4.527164e-03 3.114100e-03 3.531374e-03 3.137881e-03 2.610048e-03 3.415569e-03 3.021367e-03 2.691504e-03 2.589480e-03 3.295666e-03 4.945247e-03 4.583601e-03 3.452209e-03 2.829880e-03 2.294506e-03 3.180654e-03 3.329626e-03 3.552516e-03 3.002343e-03 3.101172e-03 3.291585e-03 3.772686e-03 4.125479e-03 4.135446e-03 3.635163e-03 3.090671e-03 3.481945e-03 4.102105e-03 3.375903e-03 2.662006e-03 2.380904e-03
5.105461e-03 6.838385e-03 4.353106e-03 3.850316e-03 4.614141e-03 5.277155e-03 7.202510e-03 6.964028e-03 6.382558e-03 7.933653e-03 1.231051e-02 1.980239e-02 3.004303e-02 4.399174e-02 1.220475e-01 2.485077e-01 1.000000e+00 2.053922e-01 8.440168e-02 4.765432e-02 3.043190e-02 2.247490e-02 1.633582e-02 1.525619e-02 1.392589e-02 1.220761e-02 1.093628e-02 1.063794e-02 1.167631e-02 8.985008e-03 7.465214e-03 6.950295e-03 8.346908e-03 7.913181e-03 5.375388e-03 8.373947e-03 8.453100e-03 7.717882e-03 8.360041e-03 7.728754e-03 6.777624e-03 5.313363e-03 2.783648e-03 2.573347e-03 2.698060e-03 2.599212e-03 4.636961e-03 5.751751e-03 5.944450e-03 5.420560e-03 5.015017e-03 4.813397e-03 5.574770e-03 5.450611e-03 6.099037e-03 6.702211e-03 6.832521e-03 7.347143e-03 7.778195e-03 7.707967e-03 7.027258e-03 7.105996e-03 7.275156e-03 7.688411e-03 6.275393e-03 4.055214e-03 2.642329e-03 2.641624e-03 3.623968e-03 3.820303e-03 2.288492e-03 3.173760e-03 2.624311e-03 2.061262e-03 2.953567e-03 2.329689e-03 2.149713e-03 2.322405e-03 2.663496e-03 5.536280e-03 5.116215e-03 2.899366e-03 2.260987e-03 1.933714e-03 2.501805e-03 2.698363e-03 3.118817e-03 2.615556e-03 2.462766e-03 2.769677e-03 3.783100e-03 4.016248e-03 4.546887e-03 4.012942e-03 2.756769e-03 3.001431e-03 3.768724e-03 3.213569e-03 2.175907e-03 2.058447e-03
6.671384e-03 6.616338e-03 5.880608e-03 5.717862e-03 6.355271e-03 7.536261e-03 8.699746e-03 8.702159e-03 9.429332e-03 1.216384e-02 1.594980e-02 1.857857e-02 2.321438e-02 4.865584e-02 6.026402e-02 1.105281e-01 2.053922e-01 1.000000e+00 2.413514e-01 5.069895e-02 3.817159e-02 2.656917e-02 2.216728e-02 1.628398e-02 1.358358e-02 1.167848e-02 1.084792e-02 9.805001e-03 9.957959e-03 1.080829e-02 1.010853e-02 9.369387e-03 8.093284e-03 9.092233e-03 8.437443e-03 9.227219e-03 6.320741e-03 5.892439e-03 5.961688e-03 6.017856e-03 5.989962e-03 6.333275e-03 5.252168e-03 4.763371e-03 4.522071e-03 5.150470e-03 5.927147e-03 4.823645e-03 4.654880e-03 4.646022e-03 4.874570e-03 4.597248e-03 4.899534e-03 5.008570e-03 5.412215e-03 5.767943e-03 5.973115e-03 5.590539e-03 5.909526e-03 5.852326e-03 5.931246e-03 6.123108e-03 6.103829e-03 6.536229e-03 6.891516e-03 6.115580e-03 4.355803e-03 4.256354e-03 4.643666e-03 4.727829e-03 4.122213e-03 4.423708e-03 3.717145e-03 3.423917e-03 4.036524e-03 3.451583e-03 3.231335e-03 3.471833e-03 3.697568e-03 4.582459e-03 4.692277e-03 4.009540e-03 3.438033e-03 3.305962e-03 3.905832e-03 3.721353e-03 3.627547e-03 3.610297e-03 3.995132e-03 3.844968e-03 4.189571e-03 4.251087e-03 3.735700e-03 3.698784e-03 3.892546e-03 3.863321e-03 3.754297e-03 3.897195e-03 3.444095e-03 3.232946e-03
5.480975e-03 6.186549e-03 4.713133e-03 4.354759e-03 4.504493e-03 5.827835e-03 7.627637e-03 7.510910e-03 7.356139e-03 8.348226e-03 1.166011e-02 1.608477e-02 2.037220e-02 2.753223e-02 4.134902e-02 5.718111e-02 8.440168e-02 2.413514e-01 1.000000e+00 1.718869e-01 8.718339e-02 5.733108e-02 3.942133e-02 2.639915e-02 2.208077e-02 1.794645e-02 1.584187e-02 1.498193e-02 1.481500e-02 1.333175e-02 1.033850e-02 9.481073e-03 1.035887e-02 1.008447e-02 7.448487e-03 8.821035e-03 7.612769e-03 7.319689e-03 6.958506e-03 7.343366e-03 6.792438e-03 5.760000e-03 3.932599e-03 3.570145e-03 3.502419e-03 3.414055e-03 5.157235e-03 5.938578e-03 5.955662e-03 5.405121e-03 5.132982e-03 5.162177e-03 5.440352e-03 5.396675e-03 6.004267e-03 6.592351e-03 6.861524e-03 6.963674e-03 7.285213e-03 6.846594e-03 6.821692e-03 6.841877e-03 7.011584e-03 7.232571e-03 6.700134e-03 4.765894e-03 3.273809e-03 3.421929e-03 3.994634e-03 4.570787e-03 3.046778e-03 3.869878e-03 3.206269e-03 2.511796e-03 3.573984e-03 2.940356e-03 2.744217e-03 2.755470e-03 3.356184e-03 4.830315e-03 4.684913e-03 3.534662e-03 2.780574e-03 2.575693e-03 3.051229e-03 3.373402e-03 3.825845e-03 3.359042e-03 3.434792e-03 3.499245e-03 4.361552e-03 4.121859e-03 4.477402e-03 4.303339e-03 3.302450e-03 3.559163e-03 4.150339e-03 3.731844e-03 2.858270e-03 2.689263e-03
3.779375e-03 4.744372e-03 3.006950e-03 2.537801e-03 3.006255e-03 3.727610e-03 5.123577e-03 4.992241e-03 3.996891e-03 4.582368e-03 6.641249e-03 1.164154e-02 1.489061e-02 1.404388e-02 2.980597e-02 3.139219e-02 4.765432e-02 5.069895e-02 1.718869e-01 1.000000e+00 2.868973e-01 1.279417e-01 6.160836e-02 4.054135e-02 3.183992e-02 2.543260e-02 2.103776e-02 1.922490e-02 1.999637e-02 1.352397e-02 9.095332e-03 9.003164e-03 1.110957e-02 9.551511e-03 5.344636e-03 8.856904e-03 9.976616e-03 8.681942e-03 8.776985e-03 7.907066e-03 7.020404e-03 4.596422e-03 2.601513e-03 2.405910e-03 2.179462e-03 2.185010e-03 3.842633e-03 6.319820e-03 6.164438e-03 5.523979e-03 5.276137e-03 5.344657e-03 5.676779e-03 5.521092e-03 5.939246e-03 6.779960e-03 7.280109e-03 7.463153e-03 7.632446e-03 7.648295e-03 7.485712e-03 7.105468e-03 7.843884e-03 7.131047e-03 5.824074e-03 3.341338e-03 2.151634e-03 2.169145e-03 3.085935e-03 3.402100e-03 1.920430e-03 2.667837e-03 1.905753e-03 1.699822e-03 2.530744e-03 2.091494e-03 1.796217e-03 2.098213e-03 2.512409e-03 5.105971e-03 4.389686e-03 2.645013e-03 1.985095e-03 1.621967e-03 2.411476e-03 2.600565e-03 3.072524e-03 2.499542e-03 2.542119e-03 2.586938e-03 3.787530e-03 3.867084e-03 4.291718e-03 4.029341e-03 2.348559e-03 2.887648e-03 4.251373e-03 3.143697e-03 1.896891e-03 1.788470e-03
4.932782e-03 5.323041e-03 3.981941e-03 3.813936e-03 4.427804e-03 4.966746e-03 5.308391e-03 5.522419e-03 5.624962e-03 6.850370e-03 7.731966e-03 9.700035e-03 1.194684e-02 1.456417e-02 2.086534e-02 2.164778e-02 3.043190e-02 3.817159e-02 8.718339e-02 2.868973e-01 1.000000e+00 2.579022e-01 9.175462e-02 4.522377e-02 3.110594e-02 2.302655e-02 2.080044e-02 1.741324e-02 1.703372e-02 1.604703e-02 1.305581e-02 1.053016e-02 1.007424e-02 1.050329e-02 8.820068e-03 9.758633e-03 8.333845e-03 7.360221e-03 7.293570e-03 7.364119e-03 6.932229e-03 6.066794e-03 4.099887e-03 3.635175e-03 3.389625e-03 4.093902e-03 4.952090e-03 4.875658e-03 4.636591e-03 4.685858e-03 4.494861e-03 4.655820e-03 4.639622e-03 4.784023e-03 4.977312e-03 5.313504e-03 5.925205e-03 5.894992e-03 6.616591e-03 6.062651e-03 5.859842e-03 6.210438e-03 6.262743e-03 6.692761e-03 5.913808e-03 4.774063e-03 3.362928e-03 3.390969e-03 3.388701e-03 3.645419e-03 3.177566e-03 3.620334e-03 2.894567e-03 2.762892e-03 2.909170e-03 2.718756e-03 2.628140e-03 2.530697e-03 2.801458e-03 4.463120e-03 4.229337e-03 3.085201e-03 2.624180e-03 2.557052e-03 3.029424e-03 3.250088e-03 3.286496e-03 3.380794e-03 3.294896e-03 3.218584e-03 3.739973e-03 3.989516e-03 3.480114e-03 3.612027e-03 3.223942e-03 3.457534e-03 3.593230e-03 3.487954e-03 2.806026e-03 2.542141e-03
4.593585e-03 4.693525e-03 3.785243e-03 3.384740e-03 3.843789e-03 4.494292e-03 5.506528e-03 5.086305e-03 5.071567e-03 5.902643e-03 7.000867e-03 9.354598e-03 1.105293e-02 1.215308e-02 1.621307e-02 1.775434e-02 2.247490e-02 2.656917e-02 5.733108e-02 1.279417e-01 2.579022e-01 1.000000e+00 2.254993e-01 7.489264e-02 4.839288e-02 3.224355e-02 2.693216e-02 2.163005e-02 2.203811e-02 1.888015e-02 1.394785e-02 1.113560e-02 1.117454e-02 1.127990e-02 8.401296e-03 9.028606e-03 7.525064e-03 7.142350e-03 6.964617e-03 6.816610e-03 6.711720e-03 5.314542e-03 3.814729e-03 3.367798e-03 3.350958e-03 3.600004e-03 4.441219e-03 4.769423e-03 4.631241e-03 4.445179e-03 4.117419e-03 4.433158e-03 4.862518e-03 4.480955e-03 4.828926e-03 5.233088e-03 5.794217e-03 5.285183e-03 6.031004e-03 5.858230e-03 5.710402e-03 6.133196e-03 6.257726e-03 6.012778e-03 5.613475e-03 4.317692e-03 3.024442e-03 3.018892e-03 3.483349e-03 3.926740e-03 2.820746e-03 3.312273e-03 2.773213e-03 2.403798e-03 3.025930e-03 2.728093e-03 2.441364e-03 2.460344e-03 2.965930e-03 4.069987e-03 4.016224e-03 3.087233e-03 2.385241e-03 2.446640e-03 2.827594e-03 3.018396e-03 3.307565e-03 3.280146e-03 3.314742e-03 3.056087e-03 4.012263e-03 3.889286e-03 3.732002e-03 3.721042e-03 3.001904e-03 3.489931e-03 3.866666e-03 3.325786e-03 2.641995e-03 2.477783e-03
4.921894e-03 4.800963e-03 3.928832e-03 3.839098e-03 4.205308e-03 4.742673e-03 5.586233e-03 5.173975e-03 5.565717e-03 6.563239e-03 7.599664e-03 8.798866e-03 9.542121e-03 1.160599e-02 1.315318e-02 1.485848e-02 1.633582e-02 2.216728e-02 3.942133e-02 6.160836e-02 9.175462e-02 2.254993e-01 1.000000e+00 2.464770e-01 1.106818e-01 6.273539e-02 4.887179e-02 3.383750e-02 3.170323e-02 3.231045e-02 1.886230e-02 1.406924e-02 1.290648e-02 1.277928e-02 1.058586e-02 9.291342e-03 7.421533e-03 6.716174e-03 6.440138e-03 6.675803e-03 6.269726e-03 5.852745e-03 4.538618e-03 3.913141e-03 3.677346e-03 4.411321e-03 4.974409e-03 4.436450e-03 4.286680e-03 4.092293e-03 4.222418e-03 4.287617e-03 4.236851e-03 4.250109e-03 4.732963e-03 5.227022e-03 5.317873e-03 5.121879e-03 5.693175e-03 5.550944e-03 5.288999e-03 5.901151e-03 5.552348e-03 5.986838e-03 5.667066e-03 4.804091e-03 3.396533e-03 3.427719e-03 3.811614e-03 4.091464e-03 3.472783e-03 3.914840e-03 3.189538e-03 2.871536e-03 3.108142e-03 3.226953e-03 2.841837e-03 2.825773e-03 3.149589e-03 4.046158e-03 4.065023e-03 3.370871e-03 2.951343e-03 2.839646e-03 3.300325e-03 3.315027e-03 3.552933e-03 3.713732e-03 3.625424e-03 3.655444e-03 4.069525e-03 3.625948e-03 3.729365e-03 3.649981e-03 3.268632e-03 3.663879e-03 3.755919e-03 3.689047e-03 3.118805e-03 2.730832e-03
3.894217e-03 3.872748e-03 3.074279e-03 2.964305e-03 3.023580e-03 3.614143e-03 4.706594e-03 4.293919e-03 3.922095e-03 4.557302e-03 5.617123e-03 8.429612e-03 9.288259e-03 9.741387e-03 1.273529e-02 1.314015e-02 1.525619e-02 1.628398e-02 2.639915e-02 4.054135e-02 4.522377e-02 7.489264e-02 2.464770e-01 1.000000e+00 2.347816e-01 9.516192e-02 6.593393e-02 4.624660e-02 4.231257e-02 3.470282e-02 1.755676e-02 1.446025e-02 1.513768e-02 1.342910e-02 8.866230e-03 9.775603e-03 8.926248e-03 7.937572e-03 7.354365e-03 7.498119e-03 6.684853e-03 5.087628e-03 3.445397e-03 2.904825e-03 2.943306e-03 3.132901e-03 4.131999e-03 5.372901e-03 5.157342e-03 4.831953e-03 4.908212e-03 4.807156e-03 4.585551e-03 5.286424e-03 5.315847e-03 6.053207e-03 5.917165e-03 6.201851e-03 6.305390e-03 6.126104e-03 6.501879e-03 6.277501e-03 6.557367e-03 5.916242e-03 5.436612e-03 3.930131e-03 2.494373e-03 2.610411e-03 3.160590e-03 4.014046e-03 2.489927e-03 2.845249e-03 2.343494e-03 2.103462e-03 2.751847e-03 2.455159e-03 2.467194e-03 2.365861e-03 2.819526e-03 4.038429e-03 4.006568e-03 3.149849e-03 2.409401e-03 2.156439e-03 2.842525e-03 3.184839e-03 3.617866e-03 3.148893e-03 2.935792e-03 3.073226e-03 3.770458e-03 3.684894e-03 4.023452e-03 3.839779e-03 2.871688e-03 3.282398e-03 3.974251e-03 3.430415e-03 2.501133e-03 2.019618e-03
3.429984e-03 3.904836e-03 3.004106e-03 2.577064e-03 2.442727e-03 3.183275e-03 4.124441e-03 3.934220e-03 3.641456e-03 4.012459e-03 4.965069e-03 7.960635e-03 9.254597e-03 8.517973e-03 1.215032e-02 1.222303e-02 1.392589e-02 1.358358e-02 2.208077e-02 3.183992e-02 3.110594e-02 4.839288e-02 1.106818e-01 2.347816e-01 1.000000e+00 2.255330e-01 1.118603e-01 6.743252e-02 5.835054e-02 4.354247e-02 1.889595e-02 1.644810e-02 1.771150e-02 1.459757e-02 9.004065e-03 9.794334e-03 9.685874e-03 8.615327e-03 8.526923e-03 7.784406e-03 6.401828e-03 4.733890e-03 2.999147e-03 2.789860e-03 2.423508e-03 2.641760e-03 3.985961e-03 5.655214e-03 5.478821e-03 5.207795e-03 4.595379e-03 5.247803e-03 5.056866e-03 5.154131e-03 5.705246e-03 6.146856e-03 6.346700e-03 6.418935e-03 6.279676e-03 6.574297e-03 6.822708e-03 6.262139e-03 6.327198e-03 5.477685e-03 4.963848e-03 3.571871e-03 2.365028e-03 2.399665e-03 3.002591e-03 3.943155e-03 2.375859e-03 2.852048e-03 2.173140e-03 2.148300e-03 2.624524e-03 2.489065e-03 2.170791e-03 2.095749e-03 2.683303e-03 3.849074e-03 3.840095e-03 2.816674e-03 2.187192e-03 1.951513e-03 2.804028e-03 2.978937e-03 3.356095e-03 2.954709e-03 2.928491e-03 2.761602e-03 3.894262e-03 3.676880e-03 4.314891e-03 3.830630e-03 2.674559e-03 3.015733e-03 3.657404e-03 3.389377e-03 2.303290e-03 2.079631e-03
3.699183e-03 3.628477e-03 2.689844e-03 2.423920e-03 2.426034e-03 3.077721e-03 4.169609e-03 3.779546e-03 3.260263e-03 3.661206e-03 4.471334e-03 7.311386e-03 8.437010e-03 7.716687e-03 1.091657e-02 1.044481e-02 1.220761e-02 1.167848e-02 1.794645e-02 2.543260e-02 2.302655e-02 3.224355e-02 6.273539e-02 9.516192e-02 2.255330e-01 1.000000e+00 2.554044e-01 1.081772e-01 8.409337e-02 5.989166e-02 2.283872e-02 1.818743e-02 1.941459e-02 1.618496e-02 9.030469e-03 1.035525e-02 9.416192e-03 8.832423e-03 8.577669e-03 7.961356e-03 6.756446e-03 4.845731e-03 3.159969e-03 2.954533e-03 2.692594e-03 2.602739e-03 3.928424e-03 5.656344e-03 5.258434e-03 4.856025e-03 4.541464e-03 4.867637e-03 4.882528e-03 4.526702e-03 5.270973e-03 6.083533e-03 5.905242e-03 6.425456e-03 6.117766e-03 5.887314e-03 6.302906e-03 5.913983e-03 6.160970e-03 5.785622e-03 4.677024e-03 3.277875e-03 2.180944e-03 2.436539e-03 3.132211e-03 3.636659e-03 2.407667e-03 2.672658e-03 2.222726e-03 1.929293e-03 2.794230e-03 2.247450e-03 2.133951e-03 2.220080e-03 2.597160e-03 4.141299e-03 3.798937e-03 2.801295e-03 2.257857e-03 2.011267e-03 2.943178e-03 2.874271e-03 3.357754e-03 2.637550e-03 2.930032e-03 2.908742e-03 3.803064e-03 3.675617e-03 4.158676e-03 3.878869e-03 2.523515e-03 3.165356e-03 4.111661e-03 3.299466e-03 2.375869e-03 2.182737e-03
3.446919e-03 3.692650e-03 2.853528e-03 2.788884e-03 2.662343e-03 3.281105e-03 4.174538e-03 3.948397e-03 3.608579e-03 3.616994e-03 4.772947e-03 7.005720e-03 7.931924e-03 7.335558e-03 9.541338e-03 9.923132e-03 1.093628e-02 1.084792e-02 1.584187e-02 2.103776e-02 2.080044e-02 2.693216e-02 4.887179e-02 6.593393e-02 1.118603e-01 2.554044e-01 1.000000e+00 2.330921e-01 1.320057e-01 8.378127e-02 2.814886e-02 2.099237e-02 2.152116e-02 1.829929e-02 1.017846e-02 1.050479e-02 1.010083e-02 8.609858e-03 8.262727e-03 7.863385e-03 7.007655e-03 5.284808e-03 3.472664e-03 2.939588e-03 2.903684e-03 2.890931e-03 3.918679e-03 5.222908e-03 4.885106e-03 4.935970e-03 4.351457e-03 4.708275e-03 4.749202e-03 4.530473e-03 5.383079e-03 5.912971e-03 5.797554e-03 6.046058e-03 5.582567e-03 5.700134e-03 6.067486e-03 6.078399e-03 6.014175e-03 5.360300e-03 4.926505e-03 3.678224e-03 2.510490e-03 2.520108e-03 3.236015e-03 4.023498e-03 2.324708e-03 2.760438e-03 2.361159e-03 2.127855e-03 2.675538e-03 2.266089e-03 2.326241e-03 2.205965e-03 2.669993e-03 4.015406e-03 3.919767e-03 2.933638e-03 2.127947e-03 2.118661e-03 2.831755e-03 3.036161e-03 3.490518e-03 2.925881e-03 2.949113e-03 2.935492e-03 4.020687e-03 3.843356e-03 4.161301e-03 3.847223e-03 2.704886e-03 3.260847e-03 3.831620e-03 3.327167e-03 2.390919e-03 2.274417e-03
3.491912e-03 3.407829e-03 2.501931e-03 2.394207e-03 2.459932e-03 2.793933e-03 3.782663e-03 3.544618e-03 3.216501e-03 3.360741e-03 4.412520e-03 6.925960e-03 7.989576e-03 6.872228e-03 9.922303e-03 9.891086e-03 1.063794e-02 9.805001e-03 1.498193e-02 1.922490e-02 1.741324e-02 2.163005e-02 3.383750e-02 4.624660e-02 6.743252e-02 1.081772e-01 2.330921e-01 1.000000e+00 2.764397e-01 1.077147e-01 3.144383e-02 2.367838e-02 2.493857e-02 1.901067e-02 1.023665e-02 1.132986e-02 1.109402e-02 9.475310e-03 9.138472e-03 8.831851e-03 7.389896e-03 4.975512e-03 3.163054e-03 2.715479e-03 2.678312e-03 2.568328e-03 3.771937e-03 6.165422e-03 5.882258e-03 5.038577e-03 4.875862e-03 4.826414e-03 4.809426e-03 5.270695e-03 5.506789e-03 6.246535e-03 6.339534e-03 6.390790e-03 6.091960e-03 6.107683e-03 6.185977e-03 5.941905e-03 6.391804e-03 5.596434e-03 4.719119e-03 3.351635e-03 2.145778e-03 2.284299e-03 3.054405e-03 3.907263e-03 2.204173e-03 2.652586e-03 2.106081e-03 1.889696e-03 2.721636e-03 2.226631e-03 2.286950e-03 2.175804e-03 2.671976e-03 3.913715e-03 3.999983e-03 2.902155e-03 2.149310e-03 1.810368e-03 2.597322e-03 3.008605e-03 3.585651e-03 2.923461e-03 2.984322e-03 2.822745e-03 3.886468e-03 3.834806e-03 4.534915e-03 3.628813e-03 2.619343e-03 3.144085e-03 4.315099e-03 3.320894e-03 2.341857e-03 2.053830e-03
3.863447e-03 3.835934e-03 2.850225e-03 2.521220e-03 2.434443e-03 2.945395e-03 4.025156e-03 3.870035e-03 3.110453e-03 3.050954e-03 4.584028e-03 7.288199e-03 8.007545e-03 6.873678e-03 1.036171e-02 1.023419e-02 1.167631e-02 9.957959e-03 1.481500e-02 1.999637e-02 1.703372e-02 2.203811e-02 3.170323e-02 4.231257e-02 5.835054e-02 8.409337e-02 1.320057e-01 2.764397e-01 1.000000e+00 2.031500e-01 4.355352e-02 3.033019e-02 3.237222e-02 2.342881e-02 1.096009e-02 1.267647e-02 1.322643e-02 1.110370e-02 1.002219e-02 1.009257e-02 7.896655e-03 5.549383e-03 3.244432e-03 2.964848e-03 2.875276e-03 2.485575e-03 4.079102e-03 6.210429e-03 5.882032e-03 5.102774e-03 4.506276e-03 4.917996e-03 4.787388e-03 5.087528e-03 5.900886e-03 6.614527e-03 6.383502e-03 6.292861e-03 6.439686e-03 6.233921e-03 6.311405e-03 6.068224e-03 6.603235e-03 5.985609e-03 4.962760e-03 3.414103e-03 2.195271e-03 2.388243e-03 3.259168e-03 3.771905e-03 2.328876e-03 2.776091e-03 2.202268e-03 1.956882e-03 2.770319e-03 2.274996e-03 2.288933e-03 2.117138e-03 2.685380e-03 4.502885e-03 4.259183e-03 3.050609e-03 2.317787e-03 1.904026e-03 3.050767e-03 2.899909e-03 3.665152e-03 2.855673e-03 2.770399e-03 2.970447e-03 4.027284e-03 4.084060e-03 4.722173e-03 4.137223e-03 2.801271e-03 3.205412e-03 4.550389e-03 3.560731e-03 2.330502e-03 2.126712e-03
4.772317e-03 4.816193e-03 4.376974e-03 4.197205e-03 5.168941e-03 5.003370e-03 5.229831e-03 5.291801e-03 5.083686e-03 5.637964e-03 6.413936e-03 7.278454e-03 7.601626e-03 9.529295e-03 8.306639e-03 8.713672e-03 8.985008e-03 1.080829e-02 1.333175e-02 1.352397e-02 1.604703e-02 1.888015e-02 3.231045e-02 3.470282e-02 4.354247e-02 5.989166e-02 8.378127e-02 1.077147e-01 2.031500e-01 1.000000e+00 2.545844e-01 6.906170e-02 4.802991e-02 4.165626e-02 2.251665e-02 1.525905e-02 1.089789e-02 1.021026e-02 9.240683e-03 9.187193e-03 8.867728e-03 8.204859e-03 6.111938e-03 5.130415e-03 5.183628e-03 5.012480e-03 5.888969e-03 4.921824e-03 4.457085e-03 4.306917e-03 4.391782e-03 4.031304e-03 4.341382e-03 4.515829e-03 4.841960e-03 5.216634e-03 5.536775e-03 4.989619e-03 4.726443e-03 4.703927e-03 4.985892e-03 5.437618e-03 5.414106e-03 5.720013e-03 6.079490e-03 5.263000e-03 4.111020e-03 4.443053e-03 4.399047e-03 4.731560e-03 3.743417e-03 3.558018e-03 3.262638e-03 3.141232e-03 3.639677e-03 3.617441e-03 3.353313e-03 3.399143e-03 3.737078e-03 4.501103e-03 4.469445e-03 4.226735e-03 3.378781e-03 3.351853e-03 3.739380e-03 3.617881e-03 3.845207e-03 3.860098e-03 3.981450e-03 3.903581e-03 4.044450e-03 4.220921e-03 4.057246e-03 3.805544e-03 3.788890e-03 3.957068e-03 4.071912e-03 3.927837e-03 3.423509e-03 3.317407e-03
